Supplemental results for CODEML (seqf: ../../inp_data/aln_codawdna.phy  treef: ../../inp_data/Mx_branch_bird.tree)

I	J	ij	2Ns_IJ	pMut_IJ	pSub_IJ	2Ns_JI	pMut_JI	pSub_JI

TTC	TTT	CT	0.79831	0.03106	0.04509	-0.79831	0.06901	0.04509
TTA	TTT	AT	1.93302	0.00318	0.00719	-1.93302	0.02198	0.00719
TTA	TTC	AC	1.13472	0.00736	0.01232	-1.13472	0.02291	0.01232
TTG	TTT	GT	0.86119	0.00747	0.01115	-0.86119	0.01768	0.01115
TTG	TTC	GC	0.06289	0.01731	0.01786	-0.06289	0.01843	0.01786
TTG	TTA	GA	-1.07183	0.03840	0.02143	1.07183	0.01315	0.02143
TCT	TTT	CT	1.53284	0.01490	0.02913	-1.53284	0.06901	0.02913
TCC	TTC	CT	1.20218	0.02162	0.03715	-1.20218	0.07193	0.03715
TCC	TCT	CT	0.46764	0.02162	0.02706	-0.46764	0.03451	0.02706
TCA	TTA	CT	0.43423	0.01259	0.01552	-0.43423	0.01944	0.01552
TCA	TCT	AT	0.83441	0.00477	0.00703	-0.83441	0.01099	0.00703
TCA	TCC	AC	0.36677	0.01105	0.01320	-0.36677	0.01594	0.01320
TCG	TTG	CT	2.05078	0.00588	0.01383	-2.05078	0.04568	0.01383
TCG	TCT	GT	1.37914	0.00223	0.00410	-1.37914	0.00884	0.00410
TCG	TCC	GC	0.91149	0.00516	0.00786	-0.91149	0.01283	0.00786
TCG	TCA	GA	0.54473	0.01144	0.01484	-0.54473	0.01972	0.01484
TAT	TTT	AT	1.37341	0.00557	0.01024	-1.37341	0.02198	0.01024
TAT	TCT	AC	-0.15943	0.01289	0.01189	0.15943	0.01099	0.01189
TAC	TTC	AT	0.85927	0.00970	0.01446	-0.85927	0.02291	0.01446
TAC	TCC	AC	-0.34291	0.02246	0.01883	0.34291	0.01594	0.01883
TAC	TAT	CT	0.28417	0.02560	0.02941	-0.28417	0.03402	0.02941
TGT	TTT	GT	1.64329	0.00342	0.00697	-1.64329	0.01768	0.00697
TGT	TCT	GC	0.11045	0.00792	0.00836	-0.11045	0.00884	0.00836
TGT	TAT	GA	0.26988	0.01757	0.02004	-0.26988	0.02301	0.02004
TGC	TTC	GT	1.19738	0.00557	0.00955	-1.19738	0.01843	0.00955
TGC	TCC	GC	-0.00480	0.01289	0.01286	0.00480	0.01283	0.01286
TGC	TAC	GA	0.33811	0.02860	0.03370	-0.33811	0.04010	0.03370
TGC	TGT	CT	0.35240	0.01469	0.01743	-0.35240	0.02090	0.01743
TGG	TTG	GT	1.18529	0.00358	0.00611	-1.18529	0.01171	0.00611
TGG	TCG	GC	-0.86549	0.00829	0.00521	0.86549	0.00349	0.00521
TGG	TGT	GT	0.40320	0.00358	0.00435	-0.40320	0.00535	0.00435
TGG	TGC	GC	0.05080	0.00829	0.00850	-0.05080	0.00872	0.00850
CTT	TTT	CT	1.17055	0.02141	0.03633	-1.17055	0.06901	0.03633
CTC	TTC	CT	1.00062	0.02644	0.04185	-1.00062	0.07193	0.04185
CTC	CTT	CT	0.62838	0.02644	0.03562	-0.62838	0.04957	0.03562
CTA	TTA	CT	0.65737	0.01007	0.01375	-0.65737	0.01944	0.01375
CTA	CTT	AT	1.41985	0.00382	0.00715	-1.41985	0.01579	0.00715
CTA	CTC	AC	0.79146	0.00884	0.01279	-0.79146	0.01950	0.01279
CTG	TTG	CT	-0.63073	0.08584	0.06160	0.63073	0.04568	0.06160
CTG	CTT	GT	-0.94008	0.03252	0.01959	0.94008	0.01270	0.01959
CTG	CTC	GC	-1.56847	0.07531	0.03109	1.56847	0.01569	0.03109
CTG	CTA	GA	-2.35993	0.16709	0.04112	2.35993	0.01578	0.04112
CCT	TCT	CT	0.54850	0.01994	0.02590	-0.54850	0.03451	0.02590
CCT	CTT	CT	0.91079	0.01994	0.03038	-0.91079	0.04957	0.03038
CCC	TCC	CT	1.00851	0.01826	0.02899	-1.00851	0.05006	0.02899
CCC	CTC	CT	1.21007	0.01826	0.03148	-1.21007	0.06124	0.03148
CCC	CCT	CT	0.92766	0.01826	0.02802	-0.92766	0.04617	0.02802
CCA	TCA	CT	0.42318	0.01910	0.02342	-0.42318	0.02916	0.02342
CCA	CTA	CT	0.20003	0.01910	0.02107	-0.20003	0.02333	0.02107
CCA	CCT	AT	0.70909	0.00724	0.01010	-0.70909	0.01470	0.01010
CCA	CCC	AC	-0.21857	0.01676	0.01499	0.21857	0.01347	0.01499
CCG	TCG	CT	1.08085	0.00462	0.00755	-1.08085	0.01361	0.00755
CCG	CTG	CT	3.76236	0.00462	0.01778	-3.76236	0.19877	0.01778
CCG	CCT	GT	1.91149	0.00175	0.00392	-1.91149	0.01183	0.00392
CCG	CCC	GC	0.98383	0.00405	0.00636	-0.98383	0.01083	0.00636
CCG	CCA	GA	1.20240	0.00899	0.01545	-1.20240	0.02991	0.01545
CAT	TAT	CT	0.97731	0.01280	0.02006	-0.97731	0.03402	0.02006
CAT	CTT	AT	1.18017	0.00485	0.00826	-1.18017	0.01579	0.00826
CAT	CCT	AC	0.26939	0.01123	0.01281	-0.26939	0.01470	0.01281
CAC	TAC	CT	0.88154	0.02456	0.03695	-0.88154	0.05929	0.03695
CAC	CTC	AT	0.74018	0.00930	0.01317	-0.74018	0.01950	0.01317
CAC	CCC	AC	-0.46988	0.02154	0.01688	0.46988	0.01347	0.01688
CAC	CAT	CT	0.18839	0.02456	0.02694	-0.18839	0.02965	0.02694
CAA	CTA	AT	-0.36800	0.01073	0.00888	0.36800	0.00743	0.00888
CAA	CCA	AC	-0.56803	0.02486	0.01846	0.56803	0.01408	0.01846
CAA	CAT	AT	-0.12833	0.01073	0.01006	0.12833	0.00944	0.01006
CAA	CAC	AC	-0.31672	0.02486	0.02113	0.31672	0.01811	0.02113
CAG	CTG	AT	0.77443	0.02918	0.04192	-0.77443	0.06330	0.04192
CAG	CCG	AC	-2.98794	0.06757	0.01071	2.98794	0.00341	0.01071
CAG	CAT	GT	-1.34583	0.02918	0.01382	1.34583	0.00760	0.01382
CAG	CAC	GC	-1.53422	0.06757	0.02850	1.53422	0.01457	0.02850
CAG	CAA	GA	-1.21750	0.14993	0.07674	1.21750	0.04438	0.07674
CGT	TGT	CT	1.38202	0.00525	0.00968	-1.38202	0.02090	0.00968
CGT	CTT	GT	1.85476	0.00199	0.00437	-1.85476	0.01270	0.00437
CGT	CCT	GC	0.94397	0.00460	0.00711	-0.94397	0.01183	0.00711
CGT	CAT	GA	0.67458	0.01021	0.01404	-0.67458	0.02005	0.01404
CGC	TGC	CT	1.25955	0.00965	0.01698	-1.25955	0.03402	0.01698
CGC	CTC	GT	1.45630	0.00366	0.00695	-1.45630	0.01569	0.00695
CGC	CCC	GC	0.24623	0.00847	0.00956	-0.24623	0.01083	0.00956
CGC	CAC	GA	0.71612	0.01879	0.02632	-0.71612	0.03846	0.02632
CGC	CGT	CT	0.22993	0.00965	0.01081	-0.22993	0.01215	0.01081
CGA	CTA	GT	0.68228	0.00302	0.00417	-0.68228	0.00598	0.00417
CGA	CCA	GC	0.48224	0.00700	0.00882	-0.48224	0.01133	0.00882
CGA	CAA	GA	1.05027	0.01552	0.02508	-1.05027	0.04438	0.02508
CGA	CGT	AT	0.24736	0.00302	0.00341	-0.24736	0.00387	0.00341
CGA	CGC	AC	0.01744	0.00700	0.00706	-0.01744	0.00712	0.00706
CGG	TGG	CT	-0.01708	0.02225	0.02206	0.01708	0.02187	0.02206
CGG	CTG	GT	1.79894	0.00843	0.01817	-1.79894	0.05093	0.01817
CGG	CCG	GC	-1.96343	0.01952	0.00626	1.96343	0.00274	0.00626
CGG	CAG	GA	1.02451	0.04331	0.06921	-1.02451	0.12064	0.06921
CGG	CGT	GT	-0.99590	0.00843	0.00492	0.99590	0.00311	0.00492
CGG	CGC	GC	-1.22583	0.01952	0.00994	1.22583	0.00573	0.00994
CGG	CGA	GA	-1.24327	0.04331	0.02182	1.24327	0.01249	0.02182
ATT	TTT	AT	0.48610	0.01352	0.01707	-0.48610	0.02198	0.01707
ATT	CTT	AC	-0.68444	0.03130	0.02180	0.68444	0.01579	0.02180
ATC	TTC	AT	-0.16860	0.02711	0.02489	0.16860	0.02291	0.02489
ATC	CTC	AC	-1.16922	0.06279	0.03308	1.16922	0.01950	0.03308
ATC	ATT	CT	0.14361	0.07157	0.07683	-0.14361	0.08262	0.07683
ATA	TTA	AT	-0.35458	0.00883	0.00735	0.35458	0.00619	0.00735
ATA	CTA	AC	-1.01195	0.02044	0.01181	1.01195	0.00743	0.01181
ATA	ATT	AT	1.09234	0.00883	0.01451	-1.09234	0.02631	0.01451
ATA	ATC	AC	0.94873	0.02044	0.03164	-0.94873	0.05278	0.03164
ATG	TTG	AT	0.16594	0.01232	0.01338	-0.16594	0.01455	0.01338
ATG	CTG	AC	0.79667	0.02854	0.04140	-0.79667	0.06330	0.04140
ATG	ATT	GT	0.54103	0.01232	0.01596	-0.54103	0.02117	0.01596
ATG	ATC	GC	0.39743	0.02854	0.03458	-0.39743	0.04247	0.03458
ATG	ATA	GA	-0.55131	0.06332	0.04746	0.55131	0.03649	0.04746
ACT	TCT	AT	0.47441	0.00684	0.00859	-0.47441	0.01099	0.00859
ACT	CCT	AC	-0.07409	0.01583	0.01526	0.07409	0.01470	0.01526
ACT	ATT	CT	1.52114	0.01805	0.03513	-1.52114	0.08262	0.03513
ACC	TCC	AT	0.35916	0.01113	0.01325	-0.35916	0.01594	0.01325
ACC	CCC	AC	-0.64935	0.02578	0.01831	0.64935	0.01347	0.01831
ACC	ATC	CT	1.72993	0.02938	0.06178	-1.72993	0.16573	0.06178
ACC	ACT	CT	0.35240	0.02938	0.03486	-0.35240	0.04180	0.03486
ACA	TCA	AT	0.06907	0.00867	0.00897	-0.06907	0.00929	0.00897
ACA	CCA	AC	-0.35411	0.02007	0.01673	0.35411	0.01408	0.01673
ACA	ATA	CT	0.85787	0.02288	0.03407	-0.85787	0.05395	0.03407
ACA	ACT	AT	0.42907	0.00867	0.01066	-0.42907	0.01331	0.01066
ACA	ACC	AC	0.07668	0.02007	0.02085	-0.07668	0.02167	0.02085
ACG	TCG	AT	0.16964	0.00366	0.00398	-0.16964	0.00433	0.00398
ACG	CCG	AC	-0.91122	0.00847	0.00519	0.91122	0.00341	0.00519
ACG	ATG	CT	2.05448	0.00965	0.02275	-2.05448	0.07533	0.02275
ACG	ACT	GT	1.07437	0.00366	0.00597	-1.07437	0.01071	0.00597
ACG	ACC	GC	0.72197	0.00847	0.01189	-0.72197	0.01743	0.01189
ACG	ACA	GA	0.64529	0.01879	0.02550	-0.64529	0.03583	0.02550
AAT	TAT	AT	-0.22123	0.01352	0.01208	0.22123	0.01083	0.01208
AAT	CAT	AC	-1.19854	0.03130	0.01620	1.19854	0.00944	0.01620
AAT	ATT	AT	0.66607	0.01352	0.01851	-0.66607	0.02631	0.01851
AAT	ACT	AC	-0.85507	0.03130	0.01980	0.85507	0.01331	0.01980
AAC	TAC	AT	0.52845	0.01113	0.01433	-0.52845	0.01888	0.01433
AAC	CAC	AC	-0.35309	0.02578	0.02149	0.35309	0.01811	0.02149
AAC	ATC	AT	1.55631	0.01113	0.02196	-1.55631	0.05278	0.02196
AAC	ACC	AC	-0.17362	0.02578	0.02360	0.17362	0.02167	0.02360
AAC	AAT	CT	1.03385	0.02938	0.04714	-1.03385	0.08262	0.04714
AAA	CAA	AC	-0.90313	0.05155	0.03173	0.90313	0.02089	0.03173
AAA	ATA	AT	-0.25918	0.02226	0.01950	0.25918	0.01718	0.01950
AAA	ACA	AC	-1.11706	0.05155	0.02801	1.11706	0.01687	0.02801
AAA	AAT	AT	0.16708	0.02226	0.02418	-0.16708	0.02631	0.02418
AAA	AAC	AC	-0.86676	0.05155	0.03240	0.86676	0.02167	0.03240
AAG	CAG	AC	-0.17634	0.06776	0.06196	0.17634	0.05680	0.06196
AAG	ATG	AT	-0.19858	0.02926	0.02645	0.19858	0.02399	0.02645
AAG	ACG	AC	-2.25306	0.06776	0.01792	2.25306	0.00712	0.01792
AAG	AAT	GT	-0.32362	0.02926	0.02478	0.32362	0.02117	0.02478
AAG	AAC	GC	-1.35747	0.06776	0.03187	1.35747	0.01743	0.03187
AAG	AAA	GA	-0.49071	0.15034	0.11646	0.49071	0.09204	0.11646
AGT	TGT	AT	-0.01538	0.00676	0.00671	0.01538	0.00666	0.00671
AGT	CGT	AC	-1.39739	0.01565	0.00718	1.39739	0.00387	0.00718
AGT	ATT	GT	1.14181	0.00676	0.01134	-1.14181	0.02117	0.01134
AGT	ACT	GC	-0.37934	0.01565	0.01287	0.37934	0.01071	0.01287
AGT	AAT	GA	0.47573	0.03473	0.04364	-0.47573	0.05588	0.04364
AGC	TGC	AT	-0.15433	0.01264	0.01169	0.15433	0.01083	0.01169
AGC	CGC	AC	-1.41388	0.02928	0.01330	1.41388	0.00712	0.01330
AGC	ATC	GT	1.21164	0.01264	0.02181	-1.21164	0.04247	0.02181
AGC	ACC	GC	-0.51829	0.02928	0.02234	0.51829	0.01743	0.02234
AGC	AAC	GA	-0.34468	0.06496	0.05440	0.34468	0.04602	0.05440
AGC	AGT	CT	0.21344	0.03337	0.03706	-0.21344	0.04131	0.03706
AGA	CGA	AC	-1.41883	0.02430	0.01101	1.41883	0.00588	0.01101
AGA	ATA	GT	0.27539	0.01050	0.01201	-0.27539	0.01382	0.01201
AGA	ACA	GC	-0.58249	0.02430	0.01791	0.58249	0.01357	0.01791
AGA	AAA	GA	0.53457	0.05393	0.06962	-0.53457	0.09204	0.06962
AGA	AGT	AT	0.22592	0.01050	0.01173	-0.22592	0.01316	0.01173
AGA	AGC	AC	0.01248	0.02430	0.02446	-0.01248	0.02461	0.02446
AGG	TGG	AT	-0.03812	0.00724	0.00710	0.03812	0.00696	0.00710
AGG	CGG	AC	-0.02104	0.01676	0.01658	0.02104	0.01641	0.01658
AGG	ATG	GT	0.98123	0.00724	0.01136	-0.98123	0.01930	0.01136
AGG	ACG	GC	-1.07325	0.01676	0.00934	1.07325	0.00573	0.00934
AGG	AAG	GA	1.17981	0.03718	0.06332	-1.17981	0.12096	0.06332
AGG	AGT	GT	0.38045	0.00724	0.00870	-0.38045	0.01059	0.00870
AGG	AGC	GC	0.16701	0.01676	0.01819	-0.16701	0.01980	0.01819
AGG	AGA	GA	0.15453	0.03718	0.04012	-0.15453	0.04339	0.04012
GTT	TTT	GT	1.06068	0.00612	0.00993	-1.06068	0.01768	0.00993
GTT	CTT	GC	-0.10986	0.01418	0.01341	0.10986	0.01270	0.01341
GTT	ATT	GA	0.57458	0.03146	0.04136	-0.57458	0.05588	0.04136
GTC	TTC	GT	0.63369	0.00978	0.01320	-0.63369	0.01843	0.01320
GTC	CTC	GC	-0.36693	0.02265	0.01875	0.36693	0.01569	0.01875
GTC	ATC	GA	0.80228	0.05025	0.07307	-0.80228	0.11209	0.07307
GTC	GTT	CT	0.37131	0.02581	0.03090	-0.37131	0.03742	0.03090
GTA	TTA	GT	0.28739	0.00374	0.00430	-0.28739	0.00498	0.00430
GTA	CTA	GC	-0.36998	0.00865	0.00715	0.36998	0.00598	0.00715
GTA	ATA	GA	0.64197	0.01920	0.02602	-0.64197	0.03649	0.02602
GTA	GTT	AT	1.15973	0.00374	0.00631	-1.15973	0.01192	0.00631
GTA	GTC	AC	0.78842	0.00865	0.01251	-0.78842	0.01904	0.01251
GTG	TTG	GT	-0.53350	0.01996	0.01511	0.53350	0.01171	0.01511
GTG	CTG	GC	0.09723	0.04621	0.04850	-0.09723	0.05093	0.04850
GTG	ATG	GA	-0.69944	0.10254	0.07083	0.69944	0.05095	0.07083
GTG	GTT	GT	-0.73299	0.01996	0.01353	0.73299	0.00959	0.01353
GTG	GTC	GC	-1.10430	0.04621	0.02530	1.10430	0.01532	0.02530
GTG	GTA	GA	-1.89272	0.10254	0.03443	1.89272	0.01545	0.03443
GCT	TCT	GT	-0.31254	0.01209	0.01030	0.31254	0.00884	0.01030
GCT	CCT	GC	-0.86104	0.02799	0.01765	0.86104	0.01183	0.01765
GCT	ACT	GA	-0.78695	0.06210	0.04084	0.78695	0.02827	0.04084
GCT	GTT	CT	0.15962	0.03190	0.03451	-0.15962	0.03742	0.03451
GCC	TCC	GT	-0.09839	0.01415	0.01347	0.09839	0.01283	0.01347
GCC	CCC	GC	-1.10691	0.03277	0.01791	1.10691	0.01083	0.01791
GCC	ACC	GA	-0.45756	0.07272	0.05735	0.45756	0.04602	0.05735
GCC	GTC	CT	0.47009	0.03736	0.04682	-0.47009	0.05978	0.04682
GCC	GCT	CT	0.68179	0.03736	0.05153	-0.68179	0.07387	0.05153
GCA	TCA	GT	-0.06217	0.00795	0.00771	0.06217	0.00747	0.00771
GCA	CCA	GC	-0.48534	0.01841	0.01430	0.48534	0.01133	0.01430
GCA	ACA	GA	-0.13124	0.04085	0.03823	0.13124	0.03583	0.03823
GCA	GTA	CT	0.08467	0.02099	0.02189	-0.08467	0.02284	0.02189
GCA	GCT	AT	1.08479	0.00795	0.01303	-1.08479	0.02353	0.01303
GCA	GCC	AC	0.40300	0.01841	0.02237	-0.40300	0.02755	0.02237
GCG	TCG	GT	0.64537	0.00183	0.00248	-0.64537	0.00349	0.00248
GCG	CCG	GC	-0.43548	0.00423	0.00338	0.43548	0.00274	0.00338
GCG	ACG	GA	0.47573	0.00940	0.01181	-0.47573	0.01512	0.01181
GCG	GTG	CT	3.22965	0.00483	0.01623	-3.22965	0.12199	0.01623
GCG	GCT	GT	2.33705	0.00183	0.00473	-2.33705	0.01893	0.00473
GCG	GCC	GC	1.65526	0.00423	0.00867	-1.65526	0.02217	0.00867
GCG	GCA	GA	1.25226	0.00940	0.01648	-1.25226	0.03287	0.01648
GAT	TAT	GT	-0.36544	0.01256	0.01041	0.36544	0.00872	0.01041
GAT	CAT	GC	-1.34275	0.02909	0.01381	1.34275	0.00760	0.01381
GAT	AAT	GA	-0.14421	0.06455	0.06001	0.14421	0.05588	0.06001
GAT	GTT	AT	-0.05271	0.01256	0.01223	0.05271	0.01192	0.01223
GAT	GCT	AC	-0.21233	0.02909	0.02611	0.21233	0.02353	0.02611
GAC	TAC	GT	-0.39981	0.02266	0.01843	0.39981	0.01519	0.01843
GAC	CAC	GC	-1.28135	0.05247	0.02585	1.28135	0.01457	0.02585
GAC	AAC	GA	-0.92826	0.11643	0.07064	0.92826	0.04602	0.07064
GAC	GTC	AT	-0.17423	0.02266	0.02074	0.17423	0.01904	0.02074
GAC	GCC	AC	-0.64432	0.05247	0.03737	0.64432	0.02755	0.03737
GAC	GAT	CT	0.24980	0.05981	0.06760	-0.24980	0.07679	0.06760
GAA	CAA	GC	-1.30287	0.06187	0.03008	1.30287	0.01681	0.03008
GAA	AAA	GA	-0.39974	0.13727	0.11166	0.39974	0.09204	0.11166
GAA	GTA	AT	-1.30089	0.02672	0.01300	1.30089	0.00727	0.01300
GAA	GCA	AC	-1.38556	0.06187	0.02860	1.38556	0.01548	0.02860
GAA	GAT	AT	-0.08844	0.02672	0.02555	0.08844	0.02445	0.02555
GAA	GAC	AC	-0.33824	0.06187	0.05199	0.33824	0.04411	0.05199
GAG	CAG	GC	-0.54713	0.07899	0.05934	0.54713	0.04570	0.05934
GAG	AAG	GA	-0.37079	0.17526	0.14477	0.37079	0.12096	0.14477
GAG	GTG	AT	0.13007	0.03411	0.03638	-0.13007	0.03885	0.03638
GAG	GCG	AC	-3.09958	0.07899	0.01155	3.09958	0.00356	0.01155
GAG	GAT	GT	-0.55020	0.03411	0.02558	0.55020	0.01968	0.02558
GAG	GAC	GC	-0.80000	0.07899	0.05156	0.80000	0.03549	0.05156
GAG	GAA	GA	-0.46176	0.17526	0.13790	0.46176	0.11045	0.13790
GGT	TGT	GT	0.14942	0.00461	0.00496	-0.14942	0.00535	0.00496
GGT	CGT	GC	-1.23260	0.01068	0.00542	1.23260	0.00311	0.00542
GGT	AGT	GA	0.16479	0.02370	0.02570	-0.16479	0.02794	0.02570
GGT	GTT	GT	0.73202	0.00461	0.00650	-0.73202	0.00959	0.00650
GGT	GCT	GC	0.57241	0.01068	0.01403	-0.57241	0.01893	0.01403
GGT	GAT	GA	0.78474	0.02370	0.03420	-0.78474	0.05194	0.03420
GGC	TGC	GT	-0.15487	0.01018	0.00941	0.15487	0.00872	0.00941
GGC	CGC	GC	-1.41442	0.02357	0.01070	1.41442	0.00573	0.01070
GGC	AGC	GA	-0.00054	0.05229	0.05228	0.00054	0.05226	0.05228
GGC	GTC	GT	0.40881	0.01018	0.01240	-0.40881	0.01532	0.01240
GGC	GCC	GC	-0.06128	0.02357	0.02285	0.06128	0.02217	0.02285
GGC	GAC	GA	0.58304	0.05229	0.06901	-0.58304	0.09368	0.06901
GGC	GGT	CT	0.04811	0.02686	0.02752	-0.04811	0.02819	0.02752
GGA	CGA	GC	-1.28605	0.01712	0.00841	1.28605	0.00473	0.00841
GGA	AGA	GA	0.13279	0.03799	0.04057	-0.13279	0.04339	0.04057
GGA	GTA	GT	-0.23379	0.00739	0.00656	0.23379	0.00585	0.00656
GGA	GCA	GC	-0.31846	0.01712	0.01454	0.31846	0.01245	0.01454
GGA	GAA	GA	1.06710	0.03799	0.06180	-1.06710	0.11045	0.06180
GGA	GGT	AT	0.19392	0.00739	0.00813	-0.19392	0.00898	0.00813
GGA	GGC	AC	0.14581	0.01712	0.01840	-0.14581	0.01981	0.01840
GGG	TGG	GT	-0.32964	0.00779	0.00658	0.32964	0.00560	0.00658
GGG	CGG	GC	-0.31256	0.01804	0.01537	0.31256	0.01320	0.01537
GGG	AGG	GA	-0.29152	0.04004	0.03448	0.29152	0.02991	0.03448
GGG	GTG	GT	1.38915	0.00779	0.01442	-1.38915	0.03126	0.01442
GGG	GCG	GC	-1.84051	0.01804	0.00627	1.84051	0.00286	0.00627
GGG	GAG	GA	1.25907	0.04004	0.07040	-1.25907	0.14102	0.07040
GGG	GGT	GT	-0.07586	0.00779	0.00750	0.07586	0.00722	0.00750
GGG	GGC	GC	-0.12397	0.01804	0.01695	0.12397	0.01594	0.01695
GGG	GGA	GA	-0.26978	0.04004	0.03488	0.26978	0.03057	0.03488


Histograms
2Ns	FMut	FSub(CodonUsage)	FSubw(after w)

-3.58320	0.01356	0.00140
-3.22488	0.01371	0.00219
-2.86656	0.00461	0.00084
-2.50824	0.01269	0.00361
-2.14992	0.01288	0.00429
-1.79160	0.03023	0.01245
-1.43328	0.07337	0.03886
-1.07496	0.14193	0.09080
-0.71664	0.13641	0.10855
-0.35832	0.16201	0.15383
0.00000	0.14447	0.16637
0.35832	0.11119	0.15383
0.71664	0.06774	0.10855
1.07496	0.04816	0.09080
1.43328	0.01817	0.03886
1.79160	0.00501	0.01245
2.14992	0.00155	0.00429
2.50824	0.00120	0.00361
2.86656	0.00023	0.00084
3.22488	0.00057	0.00219
3.58320	0.00031	0.00140

Proportion of advantageous (S > 0) mutations:
 0.32230

Proportions of good & bad mutations (|S| > 2.0000) among mutations:
0.00387  0.05744

mean |Ns| = 0.83560	mean Ns+ = 0.59505	mean Ns- = -0.95000


MLEs of dN/dS (w) for site classes (K=4)

site class             0        1       2a       2b
proportion       0.42062  0.30953  0.15546  0.11440
background w     0.06459  1.00000  0.06459  1.00000
foreground w     0.06459  1.00000  2.19629  2.19629

Naive Empirical Bayes (NEB) probabilities for 4 classes
(amino acids refer to 1st sequence: Duck_Mx)

   1 M   0.97627 0.00001 0.02371 0.00000 ( 1)
   2 T   0.00001 0.70743 0.00011 0.29246 ( 2)
   3 T   0.00000 0.70164 0.00000 0.29836 ( 2)
   4 Q   0.00136 0.66477 0.00402 0.32984 ( 2)
   5 R   0.00000 0.85284 0.00000 0.14716 ( 2)
   6 N   0.00000 0.47436 0.00000 0.52564 ( 4)
   7 T   0.00000 0.58176 0.00000 0.41824 ( 2)
   8 -   0.42062 0.30953 0.15546 0.11440 ( 1)
   9 -   0.42062 0.30953 0.15546 0.11440 ( 1)
  10 -   0.42062 0.30953 0.15546 0.11440 ( 1)
  11 -   0.42062 0.30953 0.15546 0.11440 ( 1)
  12 -   0.42062 0.30953 0.15546 0.11440 ( 1)
  13 -   0.42062 0.30953 0.15546 0.11440 ( 1)
  14 -   0.42062 0.30953 0.15546 0.11440 ( 1)
  15 -   0.42062 0.30953 0.15546 0.11440 ( 1)
  16 -   0.82535 0.05733 0.09883 0.01849 ( 1)
  17 -   0.03509 0.59839 0.14000 0.22653 ( 2)
  18 -   0.82799 0.04545 0.11158 0.01499 ( 1)
  19 -   0.03999 0.60842 0.11824 0.23334 ( 2)
  20 -   0.00490 0.66993 0.04671 0.27846 ( 2)
  21 -   0.03647 0.64262 0.07823 0.24267 ( 2)
  22 -   0.03271 0.57864 0.16177 0.22687 ( 2)
  23 -   0.02638 0.64417 0.07798 0.25147 ( 2)
  24 -   0.11269 0.55535 0.11890 0.21305 ( 2)
  25 -   0.22071 0.41720 0.21055 0.15154 ( 2)
  26 -   0.45839 0.25016 0.20332 0.08814 ( 1)
  27 -   0.02955 0.63671 0.08786 0.24589 ( 2)
  28 -   0.01009 0.65322 0.06956 0.26714 ( 2)
  29 -   0.01775 0.64719 0.07678 0.25828 ( 2)
  30 -   0.04874 0.58002 0.15145 0.21979 ( 2)
  31 -   0.02846 0.63014 0.10254 0.23886 ( 2)
  32 -   0.04874 0.58002 0.15145 0.21979 ( 2)
  33 -   0.04833 0.52259 0.23308 0.19599 ( 2)
  34 -   0.84532 0.04185 0.09829 0.01454 ( 1)
  35 -   0.84270 0.04632 0.09510 0.01587 ( 1)
  36 -   0.41164 0.24623 0.25879 0.08334 ( 1)
  37 -   0.01530 0.63692 0.09054 0.25724 ( 2)
  38 -   0.36352 0.29697 0.23296 0.10654 ( 1)
  39 -   0.83608 0.06768 0.07361 0.02263 ( 1)
  40 -   0.84270 0.04632 0.09510 0.01587 ( 1)
  41 -   0.04833 0.52259 0.23308 0.19599 ( 2)
  42 -   0.05647 0.55851 0.17912 0.20590 ( 2)
  43 -   0.41407 0.32288 0.14943 0.11362 ( 1)
  44 -   0.06435 0.56695 0.15922 0.20949 ( 2)
  45 -   0.01340 0.65976 0.06132 0.26552 ( 2)
  46 -   0.04386 0.61087 0.11442 0.23085 ( 2)
  47 -   0.84270 0.04632 0.09510 0.01587 ( 1)
  48 -   0.01191 0.66858 0.05311 0.26641 ( 2)
  49 -   0.07769 0.56810 0.14657 0.20765 ( 2)
  50 -   0.18076 0.52945 0.09486 0.19492 ( 2)
  51 -   0.42062 0.30953 0.15546 0.11440 ( 1)
  52 -   0.42062 0.30953 0.15546 0.11440 ( 1)
  53 -   0.42062 0.30953 0.15546 0.11440 ( 1)
  54 -   0.42062 0.30953 0.15546 0.11440 ( 1)
  55 -   0.42062 0.30953 0.15546 0.11440 ( 1)
  56 -   0.42062 0.30953 0.15546 0.11440 ( 1)
  57 -   0.42062 0.30953 0.15546 0.11440 ( 1)
  58 -   0.42062 0.30953 0.15546 0.11440 ( 1)
  59 -   0.42062 0.30953 0.15546 0.11440 ( 1)
  60 -   0.42062 0.30953 0.15546 0.11440 ( 1)
  61 -   0.42062 0.30953 0.15546 0.11440 ( 1)
  62 -   0.42062 0.30953 0.15546 0.11440 ( 1)
  63 -   0.00025 0.72323 0.00041 0.27610 ( 2)
  64 D   0.00000 0.50640 0.00024 0.49336 ( 2)
  65 K   0.00004 0.53236 0.00456 0.46304 ( 2)
  66 P   0.00000 0.53799 0.00002 0.46200 ( 2)
  67 H   0.00195 0.17345 0.66813 0.15648 ( 3)
  68 S   0.00045 0.46139 0.04803 0.49012 ( 4)
  69 K   0.00003 0.65749 0.00073 0.34175 ( 2)
  70 P   0.00002 0.73753 0.00002 0.26243 ( 2)
  71 -   0.42062 0.30953 0.15546 0.11440 ( 1)
  72 -   0.42062 0.30953 0.15546 0.11440 ( 1)
  73 -   0.42062 0.30953 0.15546 0.11440 ( 1)
  74 E   0.08845 0.59645 0.09947 0.21563 ( 2)
  75 D   0.00005 0.67723 0.00240 0.32033 ( 2)
  76 Q   0.00004 0.64432 0.00055 0.35510 ( 2)
  77 W   0.00003 0.51790 0.00942 0.47265 ( 2)
  78 N   0.00000 0.70824 0.00001 0.29175 ( 2)
  79 M   0.00000 0.71909 0.00000 0.28091 ( 2)
  80 Y   0.01486 0.49170 0.25366 0.23977 ( 2)
  81 N   0.23361 0.34072 0.30893 0.11673 ( 2)
  82 R   0.00784 0.85202 0.00056 0.13958 ( 2)
  83 N   0.00000 0.34336 0.00001 0.65663 ( 4)
  84 P   0.00000 0.49600 0.00003 0.50397 ( 4)
  85 K   0.42062 0.30953 0.15546 0.11440 ( 1)
  86 F   0.42062 0.30953 0.15546 0.11440 ( 1)
  87 K   0.42062 0.30953 0.15546 0.11440 ( 1)
  88 A   0.42062 0.30953 0.15546 0.11440 ( 1)
  89 T   0.42062 0.30953 0.15546 0.11440 ( 1)
  90 A   0.42062 0.30953 0.15546 0.11440 ( 1)
  91 K   0.42062 0.30953 0.15546 0.11440 ( 1)
  92 R   0.42062 0.30953 0.15546 0.11440 ( 1)
  93 C   0.42062 0.30953 0.15546 0.11440 ( 1)
  94 S   0.42062 0.30953 0.15546 0.11440 ( 1)
  95 P   0.42062 0.30953 0.15546 0.11440 ( 1)
  96 N   0.42062 0.30953 0.15546 0.11440 ( 1)
  97 L   0.42062 0.30953 0.15546 0.11440 ( 1)
  98 M   0.42062 0.30953 0.15546 0.11440 ( 1)
  99 K   0.42062 0.30953 0.15546 0.11440 ( 1)
 100 D   0.42062 0.30953 0.15546 0.11440 ( 1)
 101 G   0.42062 0.30953 0.15546 0.11440 ( 1)
 102 F   0.42062 0.30953 0.15546 0.11440 ( 1)
 103 Q   0.42062 0.30953 0.15546 0.11440 ( 1)
 104 S   0.42062 0.30953 0.15546 0.11440 ( 1)
 105 L   0.42062 0.30953 0.15546 0.11440 ( 1)
 106 S   0.42062 0.30953 0.15546 0.11440 ( 1)
 107 S   0.42062 0.30953 0.15546 0.11440 ( 1)
 108 P   0.42062 0.30953 0.15546 0.11440 ( 1)
 109 V   0.42062 0.30953 0.15546 0.11440 ( 1)
 110 C   0.42062 0.30953 0.15546 0.11440 ( 1)
 111 I   0.42062 0.30953 0.15546 0.11440 ( 1)
 112 E   0.42062 0.30953 0.15546 0.11440 ( 1)
 113 A   0.42062 0.30953 0.15546 0.11440 ( 1)
 114 S   0.42062 0.30953 0.15546 0.11440 ( 1)
 115 A   0.42062 0.30953 0.15546 0.11440 ( 1)
 116 V   0.42062 0.30953 0.15546 0.11440 ( 1)
 117 P   0.42062 0.30953 0.15546 0.11440 ( 1)
 118 L   0.42062 0.30953 0.15546 0.11440 ( 1)
 119 P   0.42062 0.30953 0.15546 0.11440 ( 1)
 120 P   0.42062 0.30953 0.15546 0.11440 ( 1)
 121 D   0.42062 0.30953 0.15546 0.11440 ( 1)
 122 S   0.42062 0.30953 0.15546 0.11440 ( 1)
 123 D   0.42062 0.30953 0.15546 0.11440 ( 1)
 124 D   0.42062 0.30953 0.15546 0.11440 ( 1)
 125 E   0.42062 0.30953 0.15546 0.11440 ( 1)
 126 I   0.42062 0.30953 0.15546 0.11440 ( 1)
 127 Y   0.42062 0.30953 0.15546 0.11440 ( 1)
 128 F   0.42062 0.30953 0.15546 0.11440 ( 1)
 129 P   0.42062 0.30953 0.15546 0.11440 ( 1)
 130 V   0.42062 0.30953 0.15546 0.11440 ( 1)
 131 P   0.42062 0.30953 0.15546 0.11440 ( 1)
 132 E   0.42062 0.30953 0.15546 0.11440 ( 1)
 133 Q   0.42062 0.30953 0.15546 0.11440 ( 1)
 134 T   0.42062 0.30953 0.15546 0.11440 ( 1)
 135 T   0.42062 0.30953 0.15546 0.11440 ( 1)
 136 K   0.42062 0.30953 0.15546 0.11440 ( 1)
 137 E   0.42062 0.30953 0.15546 0.11440 ( 1)
 138 S   0.42062 0.30953 0.15546 0.11440 ( 1)
 139 Q   0.42062 0.30953 0.15546 0.11440 ( 1)
 140 H   0.42062 0.30953 0.15546 0.11440 ( 1)
 141 E   0.42062 0.30953 0.15546 0.11440 ( 1)
 142 Q   0.42062 0.30953 0.15546 0.11440 ( 1)
 143 K   0.42062 0.30953 0.15546 0.11440 ( 1)
 144 V   0.42062 0.30953 0.15546 0.11440 ( 1)
 145 S   0.42062 0.30953 0.15546 0.11440 ( 1)
 146 M   0.42062 0.30953 0.15546 0.11440 ( 1)
 147 K   0.00000 0.53986 0.00004 0.46010 ( 2)
 148 L   0.00000 0.73154 0.00000 0.26845 ( 2)
 149 H   0.00000 0.38051 0.00319 0.61631 ( 4)
 150 -   0.42062 0.30953 0.15546 0.11440 ( 1)
 151 -   0.42062 0.30953 0.15546 0.11440 ( 1)
 152 E   0.00009 0.82750 0.00001 0.17239 ( 2)
 153 E   0.02126 0.78895 0.00375 0.18604 ( 2)
 154 Q   0.00000 0.47176 0.00009 0.52814 ( 4)
 155 D   0.00000 0.50806 0.00018 0.49176 ( 2)
 156 V   0.00000 0.54738 0.00026 0.45236 ( 2)
 157 Q   0.00000 0.62731 0.00006 0.37263 ( 2)
 158 A   0.00006 0.84313 0.00002 0.15679 ( 2)
 159 A   0.00003 0.85300 0.00001 0.14696 ( 2)
 160 E   0.00224 0.67554 0.00804 0.31418 ( 2)
 161 H   0.00050 0.52674 0.10128 0.37148 ( 2)
 162 T   0.09507 0.00904 0.89224 0.00365 ( 3)
 163 L   0.88009 0.02287 0.09246 0.00458 ( 1)
 164 Y   0.03090 0.39166 0.40137 0.17607 ( 3)
 165 N   0.81577 0.02502 0.15500 0.00420 ( 1)
 166 Q   0.85288 0.04912 0.08774 0.01026 ( 1)
 167 Y   0.94385 0.00038 0.05572 0.00006 ( 1)
 168 E   0.25009 0.01239 0.73239 0.00513 ( 3)
 169 E   0.00735 0.13707 0.73639 0.11919 ( 3)
 170 K   0.91936 0.00159 0.07873 0.00031 ( 1)
 171 I   0.56503 0.03760 0.38813 0.00924 ( 1)
 172 R   0.94809 0.00007 0.05183 0.00001 ( 1)
 173 P   0.93862 0.00014 0.06121 0.00002 ( 1)
 174 C   0.96211 0.00006 0.03782 0.00001 ( 1)
 175 I   0.91279 0.00337 0.08319 0.00065 ( 1)
 176 D   0.94892 0.00042 0.05059 0.00007 ( 1)
 177 L   0.93698 0.00059 0.06233 0.00010 ( 1)
 178 I   0.27649 0.01903 0.69755 0.00693 ( 3)
 179 D   0.94088 0.00043 0.05862 0.00007 ( 1)
 180 S   0.19683 0.51872 0.18731 0.09714 ( 2)
 181 L   0.80153 0.03308 0.15647 0.00892 ( 1)
 182 R   0.95085 0.00038 0.04871 0.00006 ( 1)
 183 A   0.00998 0.05319 0.88591 0.05092 ( 3)
 184 L   0.91541 0.01815 0.06335 0.00310 ( 1)
 185 G   0.25556 0.00050 0.74369 0.00026 ( 3)
 186 I   0.70521 0.03855 0.24963 0.00661 ( 1)
 187 E   0.26348 0.01360 0.71761 0.00531 ( 3)
 188 K   0.09444 0.09427 0.77621 0.03508 ( 3)
 189 D   0.94088 0.00043 0.05862 0.00007 ( 1)
 190 L   0.79909 0.03538 0.15599 0.00954 ( 1)
 191 S   0.00105 0.00610 0.98473 0.00812 ( 3)
 192 L   0.87639 0.02635 0.09198 0.00528 ( 1)
 193 P   0.93862 0.00012 0.06123 0.00002 ( 1)
 194 A   0.94652 0.00061 0.05277 0.00010 ( 1)
 195 I   0.89670 0.00448 0.09786 0.00096 ( 1)
 196 A   0.94629 0.00080 0.05278 0.00013 ( 1)
 197 V   0.90274 0.00015 0.09708 0.00003 ( 1)
 198 I   0.91223 0.00381 0.08322 0.00074 ( 1)
 199 G   0.95825 0.00007 0.04167 0.00001 ( 1)
 200 D   0.94088 0.00043 0.05862 0.00007 ( 1)
 201 Q   0.22470 0.01971 0.74760 0.00799 ( 3)
 202 S   0.42797 0.00089 0.57089 0.00025 ( 3)
 203 S   0.95276 0.00038 0.04681 0.00006 ( 1)
 204 G   0.96369 0.00011 0.03618 0.00002 ( 1)
 205 K   0.93042 0.00152 0.06777 0.00029 ( 1)
 206 S   0.95435 0.00013 0.04550 0.00002 ( 1)
 207 S   0.94877 0.00020 0.05100 0.00003 ( 1)
 208 I   0.30033 0.02274 0.66770 0.00923 ( 3)
 209 L   0.91989 0.01448 0.06317 0.00247 ( 1)
 210 E   0.91102 0.00274 0.08568 0.00057 ( 1)
 211 A   0.92614 0.00044 0.07334 0.00008 ( 1)
 212 L   0.81934 0.03265 0.13944 0.00857 ( 1)
 213 S   0.95257 0.00053 0.04682 0.00008 ( 1)
 214 G   0.96644 0.00010 0.03345 0.00001 ( 1)
 215 V   0.96467 0.00013 0.03518 0.00002 ( 1)
 216 S   0.19659 0.00424 0.79709 0.00208 ( 3)
 217 L   0.93530 0.00067 0.06391 0.00012 ( 1)
 218 P   0.93862 0.00014 0.06121 0.00002 ( 1)
 219 R   0.97062 0.00013 0.02924 0.00002 ( 1)
 220 G   0.35640 0.00116 0.64203 0.00040 ( 3)
 221 N   0.10883 0.00282 0.88726 0.00109 ( 3)
 222 G   0.96632 0.00006 0.03361 0.00001 ( 1)
 223 I   0.24353 0.01308 0.73821 0.00518 ( 3)
 224 V   0.36767 0.00140 0.63042 0.00051 ( 3)
 225 T   0.96475 0.00012 0.03511 0.00002 ( 1)
 226 R   0.95738 0.00020 0.04239 0.00003 ( 1)
 227 C   0.95991 0.00007 0.04001 0.00001 ( 1)
 228 P   0.94870 0.00010 0.05118 0.00002 ( 1)
 229 L   0.81385 0.02150 0.15885 0.00580 ( 1)
 230 E   0.70214 0.05336 0.23236 0.01214 ( 1)
 231 L   0.91499 0.01853 0.06332 0.00317 ( 1)
 232 K   0.91619 0.01467 0.06639 0.00275 ( 1)
 233 L   0.81235 0.02292 0.15854 0.00619 ( 1)
 234 K   0.90495 0.02447 0.06599 0.00459 ( 1)
 235 K   0.90916 0.02101 0.06589 0.00394 ( 1)
 236 I   0.03488 0.58009 0.20740 0.17763 ( 2)
 237 P   0.00000 0.68025 0.00000 0.31975 ( 2)
 238 T   0.00000 0.71024 0.00001 0.28976 ( 2)
 239 -   0.42062 0.30953 0.15546 0.11440 ( 1)
 240 S   0.00259 0.71030 0.06417 0.22294 ( 2)
 241 Q   0.00341 0.79513 0.00217 0.19929 ( 2)
 242 E   0.00363 0.82438 0.00034 0.17165 ( 2)
 243 W   0.95729 0.00007 0.04262 0.00001 ( 1)
 244 K   0.00118 0.83296 0.00040 0.16547 ( 2)
 245 G   0.96373 0.00012 0.03613 0.00002 ( 1)
 246 K   0.00889 0.04072 0.91182 0.03857 ( 3)
 247 I   0.71169 0.03726 0.24333 0.00772 ( 1)
 248 S   0.00037 0.68016 0.00809 0.31137 ( 2)
 249 Y   0.92672 0.00869 0.06314 0.00145 ( 1)
 250 R   0.00000 0.89359 0.00000 0.10640 ( 2)
 251 N   0.80392 0.03561 0.15438 0.00609 ( 1)
 252 I   0.00000 0.68482 0.00000 0.31518 ( 2)
 253 S   0.00065 0.01852 0.94971 0.03111 ( 3)
 254 T   0.00144 0.73954 0.00302 0.25600 ( 2)
 255 D   0.00651 0.01046 0.97232 0.01071 ( 3)
 256 L   0.00106 0.80483 0.00042 0.19370 ( 2)
 257 Q   0.00002 0.79575 0.00003 0.20421 ( 2)
 258 H   0.08644 0.11238 0.75837 0.04281 ( 3)
 259 A   0.10143 0.76844 0.00604 0.12409 ( 2)
 260 S   0.53848 0.34789 0.04828 0.06535 ( 1)
 261 E   0.00175 0.82384 0.00017 0.17424 ( 2)
 262 V   0.90064 0.00120 0.09790 0.00025 ( 1)
 263 E   0.22845 0.01277 0.75319 0.00560 ( 3)
 264 N   0.00013 0.71372 0.00040 0.28575 ( 2)
 265 A   0.39478 0.43775 0.08842 0.07905 ( 2)
 266 I   0.91979 0.03213 0.04330 0.00478 ( 1)
 267 R   0.06296 0.74468 0.05829 0.13407 ( 2)
 268 N   0.05007 0.57851 0.14160 0.22982 ( 2)
 269 A   0.91775 0.01372 0.06609 0.00243 ( 1)
 270 Q   0.90086 0.00431 0.09392 0.00090 ( 1)
 271 D   0.49544 0.31803 0.13135 0.05517 ( 1)
 272 V   0.00000 0.70511 0.00000 0.29489 ( 2)
 273 V   0.49009 0.29937 0.14175 0.06879 ( 1)
 274 A   0.91458 0.00130 0.08387 0.00025 ( 1)
 275 G   0.96143 0.00007 0.03849 0.00001 ( 1)
 276 T   0.00072 0.83896 0.00086 0.15946 ( 2)
 277 K   0.02100 0.01396 0.95874 0.00631 ( 3)
 278 G   0.00000 0.84521 0.00000 0.15479 ( 2)
 279 N   0.01548 0.58431 0.20186 0.19835 ( 2)
 280 I   0.91198 0.00400 0.08324 0.00078 ( 1)
 281 S   0.36851 0.00062 0.63066 0.00022 ( 3)
 282 G   0.01697 0.82846 0.00534 0.14923 ( 2)
 283 E   0.43606 0.43274 0.04113 0.09007 ( 1)
 284 L   0.93442 0.00121 0.06416 0.00021 ( 1)
 285 I   0.91343 0.00291 0.08309 0.00057 ( 1)
 286 S   0.02854 0.77613 0.03800 0.15733 ( 2)
 287 L   0.90898 0.01925 0.06839 0.00338 ( 1)
 288 E   0.86608 0.04332 0.08162 0.00899 ( 1)
 289 I   0.64327 0.08604 0.25109 0.01960 ( 1)
 290 C   0.11256 0.12783 0.71835 0.04125 ( 3)
 291 S   0.94781 0.00030 0.05185 0.00005 ( 1)
 292 P   0.81659 0.11178 0.05269 0.01895 ( 1)
 293 Y   0.03889 0.26902 0.56849 0.12360 ( 3)
 294 V   0.96324 0.00008 0.03667 0.00001 ( 1)
 295 P   0.93656 0.00016 0.06324 0.00003 ( 1)
 296 D   0.94076 0.00037 0.05880 0.00006 ( 1)
 297 L   0.79909 0.03538 0.15599 0.00954 ( 1)
 298 T   0.95153 0.00010 0.04835 0.00002 ( 1)
 299 L   0.84678 0.08132 0.05835 0.01356 ( 1)
 300 I   0.91533 0.00079 0.08373 0.00016 ( 1)
 301 D   0.94892 0.00042 0.05059 0.00007 ( 1)
 302 L   0.93518 0.00079 0.06388 0.00014 ( 1)
 303 P   0.93815 0.00040 0.06138 0.00007 ( 1)
 304 G   0.95831 0.00011 0.04156 0.00002 ( 1)
 305 I   0.91324 0.00285 0.08336 0.00055 ( 1)
 306 A   0.76722 0.00204 0.23035 0.00039 ( 1)
 307 R   0.95221 0.00008 0.04770 0.00001 ( 1)
 308 V   0.18824 0.00793 0.79997 0.00387 ( 3)
 309 A   0.93102 0.00156 0.06714 0.00027 ( 1)
 310 M   0.21902 0.01575 0.75950 0.00573 ( 3)
 311 R   0.36595 0.02932 0.59600 0.00873 ( 3)
 312 N   0.95686 0.00187 0.04098 0.00029 ( 1)
 313 Q   0.89159 0.00455 0.10289 0.00097 ( 1)
 314 P   0.93640 0.00039 0.06314 0.00007 ( 1)
 315 Q   0.00000 0.81738 0.00000 0.18262 ( 2)
 316 D   0.93864 0.00043 0.06085 0.00008 ( 1)
 317 I   0.21354 0.01252 0.76817 0.00577 ( 3)
 318 G   0.89720 0.05509 0.03894 0.00877 ( 1)
 319 E   0.00000 0.65358 0.00000 0.34642 ( 2)
 320 Q   0.03321 0.79200 0.00387 0.17091 ( 2)
 321 I   0.82792 0.06267 0.09581 0.01360 ( 1)
 322 K   0.93042 0.00152 0.06777 0.00029 ( 1)
 323 K   0.00003 0.68084 0.00010 0.31903 ( 2)
 324 L   0.93519 0.00081 0.06386 0.00014 ( 1)
 325 I   0.21190 0.01834 0.76140 0.00836 ( 3)
 326 K   0.00328 0.83278 0.00055 0.16339 ( 2)
 327 K   0.12683 0.72696 0.00923 0.13698 ( 2)
 328 I   0.00753 0.00399 0.98350 0.00498 ( 3)
 329 I   0.91174 0.00419 0.08326 0.00081 ( 1)
 330 S   0.00000 0.72091 0.00002 0.27907 ( 2)
 331 S   0.00406 0.66287 0.05780 0.27527 ( 2)
 332 K   0.71704 0.04667 0.22668 0.00961 ( 1)
 333 E   0.85775 0.04893 0.08314 0.01019 ( 1)
 334 T   0.95154 0.00008 0.04837 0.00001 ( 1)
 335 I   0.89108 0.00477 0.10311 0.00103 ( 1)
 336 N   0.24522 0.03306 0.70631 0.01540 ( 3)
 337 L   0.17410 0.04057 0.76553 0.01979 ( 3)
 338 V   0.96925 0.00168 0.02887 0.00020 ( 1)
 339 V   0.89868 0.00285 0.09789 0.00059 ( 1)
 340 V   0.93732 0.00012 0.06255 0.00002 ( 1)
 341 P   0.93686 0.00014 0.06297 0.00003 ( 1)
 342 C   0.00325 0.87312 0.00024 0.12339 ( 2)
 343 N   0.94825 0.00006 0.05168 0.00001 ( 1)
 344 V   0.89795 0.00350 0.09783 0.00072 ( 1)
 345 D   0.94892 0.00042 0.05059 0.00007 ( 1)
 346 I   0.91390 0.00255 0.08305 0.00050 ( 1)
 347 A   0.94648 0.00064 0.05277 0.00010 ( 1)
 348 T   0.95149 0.00013 0.04836 0.00002 ( 1)
 349 T   0.95132 0.00014 0.04852 0.00002 ( 1)
 350 E   0.91087 0.00276 0.08580 0.00057 ( 1)
 351 A   0.96927 0.00004 0.03069 0.00000 ( 1)
 352 L   0.79967 0.03483 0.15611 0.00939 ( 1)
 353 K   0.00526 0.81346 0.00630 0.17498 ( 2)
 354 M   0.97627 0.00001 0.02371 0.00000 ( 1)
 355 A   0.91448 0.00136 0.08389 0.00027 ( 1)
 356 Q   0.90121 0.02771 0.06629 0.00480 ( 1)
 357 E   0.86676 0.04075 0.08401 0.00848 ( 1)
 358 V   0.89795 0.00350 0.09783 0.00072 ( 1)
 359 D   0.93864 0.00043 0.06084 0.00008 ( 1)
 360 P   0.94824 0.00014 0.05160 0.00002 ( 1)
 361 K   0.00021 0.66280 0.00307 0.33393 ( 2)
 362 G   0.95813 0.00010 0.04175 0.00002 ( 1)
 363 E   0.72307 0.00645 0.26906 0.00142 ( 1)
 364 R   0.97099 0.00004 0.02897 0.00000 ( 1)
 365 T   0.95844 0.00012 0.04142 0.00002 ( 1)
 366 L   0.71771 0.01287 0.26685 0.00257 ( 1)
 367 G   0.96362 0.00009 0.03628 0.00001 ( 1)
 368 I   0.16510 0.24016 0.50011 0.09463 ( 3)
 369 L   0.92564 0.00754 0.06546 0.00137 ( 1)
 370 T   0.95685 0.00009 0.04305 0.00001 ( 1)
 371 K   0.93042 0.00152 0.06778 0.00028 ( 1)
 372 P   0.93917 0.00029 0.06049 0.00005 ( 1)
 373 D   0.94087 0.00027 0.05881 0.00005 ( 1)
 374 L   0.85245 0.02347 0.11866 0.00542 ( 1)
 375 V   0.87121 0.02807 0.09492 0.00580 ( 1)
 376 D   0.37823 0.00274 0.61818 0.00085 ( 3)
 377 I   0.00022 0.46762 0.03983 0.49234 ( 4)
 378 G   0.95820 0.00010 0.04168 0.00002 ( 1)
 379 T   0.96320 0.00153 0.03506 0.00022 ( 1)
 380 E   0.91152 0.00256 0.08540 0.00053 ( 1)
 381 E   0.00127 0.81672 0.00045 0.18156 ( 2)
 382 Y   0.00034 0.39838 0.12652 0.47476 ( 4)
 383 I   0.30151 0.02902 0.65789 0.01157 ( 3)
 384 I   0.00400 0.60647 0.08619 0.30334 ( 2)
 385 S   0.00263 0.09348 0.82865 0.07524 ( 3)
 386 I   0.70521 0.03855 0.24963 0.00661 ( 1)
 387 V   0.00755 0.76020 0.00961 0.22264 ( 2)
 388 Q   0.71828 0.07224 0.19624 0.01324 ( 1)
 389 N   0.96248 0.00001 0.03751 0.00000 ( 1)
 390 E   0.17272 0.21694 0.55060 0.05974 ( 3)
 391 V   0.90093 0.05678 0.03435 0.00795 ( 1)
 392 I   0.00031 0.80146 0.00016 0.19807 ( 2)
 393 P   0.58567 0.22887 0.14556 0.03991 ( 1)
 394 L   0.92454 0.01253 0.06086 0.00207 ( 1)
 395 R   0.78973 0.01247 0.19565 0.00216 ( 1)
 396 K   0.93042 0.00152 0.06777 0.00029 ( 1)
 397 G   0.95972 0.00014 0.04012 0.00002 ( 1)
 398 Y   0.93882 0.00053 0.06057 0.00009 ( 1)
 399 M   0.97627 0.00001 0.02371 0.00000 ( 1)
 400 V   0.22081 0.01920 0.75276 0.00723 ( 3)
 401 V   0.90267 0.00021 0.09707 0.00005 ( 1)
 402 K   0.91854 0.00159 0.07955 0.00033 ( 1)
 403 C   0.95986 0.00007 0.04007 0.00001 ( 1)
 404 R   0.02752 0.00188 0.96945 0.00115 ( 3)
 405 G   0.96268 0.00011 0.03720 0.00002 ( 1)
 406 Q   0.92758 0.00358 0.06823 0.00062 ( 1)
 407 R   0.01165 0.02260 0.94392 0.02183 ( 3)
 408 D   0.77567 0.15047 0.04833 0.02553 ( 1)
 409 I   0.17632 0.01811 0.79645 0.00912 ( 3)
 410 H   0.00002 0.59533 0.00335 0.40130 ( 2)
 411 N   0.00434 0.88099 0.00055 0.11412 ( 2)
 412 K   0.00178 0.67089 0.02230 0.30503 ( 2)
 413 L   0.07198 0.72538 0.01225 0.19039 ( 2)
 414 T   0.07394 0.00521 0.91844 0.00242 ( 3)
 415 L   0.21198 0.08646 0.66674 0.03482 ( 3)
 416 A   0.00048 0.74277 0.00096 0.25579 ( 2)
 417 S   0.01587 0.79313 0.01997 0.17103 ( 2)
 418 A   0.93814 0.00076 0.06097 0.00013 ( 1)
 419 I   0.00084 0.79830 0.00048 0.20038 ( 2)
 420 H   0.14503 0.25731 0.49978 0.09788 ( 3)
 421 Q   0.00673 0.80084 0.00293 0.18950 ( 2)
 422 E   0.90856 0.00279 0.08806 0.00058 ( 1)
 423 R   0.00007 0.85108 0.00002 0.14883 ( 2)
 424 Q   0.00000 0.59204 0.00002 0.40793 ( 2)
 425 F   0.93868 0.00049 0.06075 0.00008 ( 1)
 426 F   0.92049 0.00139 0.07785 0.00027 ( 1)
 427 E   0.44338 0.42226 0.04531 0.08906 ( 1)
 428 T   0.00000 0.85326 0.00000 0.14673 ( 2)
 429 H   0.96926 0.00003 0.03071 0.00000 ( 1)
 430 K   0.00062 0.81300 0.00096 0.18541 ( 2)
 431 C   0.00132 0.54307 0.09150 0.36411 ( 2)
 432 F   0.93868 0.00049 0.06075 0.00008 ( 1)
 433 S   0.84538 0.01632 0.13572 0.00258 ( 1)
 434 I   0.00004 0.70454 0.00044 0.29498 ( 2)
 435 L   0.93457 0.00135 0.06384 0.00024 ( 1)
 436 L   0.80432 0.03048 0.15698 0.00822 ( 1)
 437 D   0.79935 0.02150 0.17540 0.00375 ( 1)
 438 Q   0.14067 0.16904 0.60641 0.08388 ( 3)
 439 N   0.33925 0.01406 0.64385 0.00284 ( 3)
 440 K   0.00242 0.83136 0.00021 0.16601 ( 2)
 441 A   0.91518 0.00088 0.08377 0.00017 ( 1)
 442 T   0.96488 0.00007 0.03504 0.00001 ( 1)
 443 I   0.18725 0.60522 0.07189 0.13564 ( 2)
 444 P   0.94006 0.00013 0.05978 0.00002 ( 1)
 445 H   0.01452 0.86015 0.00929 0.11604 ( 2)
 446 L   0.80224 0.03241 0.15660 0.00874 ( 1)
 447 A   0.94700 0.00021 0.05276 0.00003 ( 1)
 448 M   0.00090 0.29903 0.40314 0.29693 ( 3)
 449 K   0.13254 0.70688 0.01586 0.14472 ( 2)
 450 L   0.92964 0.00598 0.06337 0.00101 ( 1)
 451 T   0.95149 0.00013 0.04836 0.00002 ( 1)
 452 N   0.00000 0.72910 0.00000 0.27090 ( 2)
 453 E   0.91081 0.00285 0.08576 0.00059 ( 1)
 454 L   0.93535 0.00061 0.06394 0.00011 ( 1)
 455 V   0.37799 0.40934 0.11811 0.09457 ( 2)
 456 A   0.00001 0.70137 0.00010 0.29852 ( 2)
 457 H   0.54777 0.00026 0.45191 0.00006 ( 1)
 458 I   0.91191 0.00404 0.08327 0.00078 ( 1)
 459 I   0.00921 0.77895 0.01827 0.19358 ( 2)
 460 K   0.93145 0.00091 0.06747 0.00017 ( 1)
 461 T   0.83812 0.06035 0.09220 0.00932 ( 1)
 462 L   0.88539 0.01807 0.09293 0.00362 ( 1)
 463 P   0.93865 0.00013 0.06120 0.00002 ( 1)
 464 T   0.00137 0.66336 0.05474 0.28053 ( 2)
 465 I   0.80940 0.00917 0.17990 0.00153 ( 1)
 466 E   0.90847 0.00253 0.08847 0.00053 ( 1)
 467 S   0.00075 0.54557 0.04714 0.40654 ( 2)
 468 Q   0.93124 0.00089 0.06771 0.00015 ( 1)
 469 I   0.41196 0.00221 0.58517 0.00065 ( 3)
 470 R   0.00070 0.77817 0.00400 0.21713 ( 2)
 471 E   0.00148 0.70451 0.00438 0.28962 ( 2)
 472 V   0.00001 0.68768 0.00023 0.31208 ( 2)
 473 L   0.67949 0.00326 0.31627 0.00098 ( 1)
 474 Q   0.87140 0.05498 0.06410 0.00953 ( 1)
 475 K   0.00000 0.68442 0.00000 0.31558 ( 2)
 476 S   0.00020 0.65240 0.00196 0.34545 ( 2)
 477 V   0.00103 0.12963 0.72878 0.14056 ( 3)
 478 Q   0.04450 0.03507 0.90186 0.01857 ( 3)
 479 E   0.91087 0.00276 0.08580 0.00057 ( 1)
 480 L   0.93291 0.00259 0.06406 0.00045 ( 1)
 481 Q   0.90865 0.02135 0.06630 0.00370 ( 1)
 482 K   0.82040 0.09138 0.07025 0.01798 ( 1)
 483 Y   0.93088 0.00491 0.06339 0.00082 ( 1)
 484 R   0.06541 0.00322 0.92994 0.00143 ( 3)
 485 R   0.00000 0.69475 0.00000 0.30525 ( 2)
 486 G   0.10273 0.01022 0.88346 0.00359 ( 3)
 487 T   0.16951 0.67817 0.03839 0.11393 ( 2)
 488 P   0.37201 0.00209 0.62521 0.00069 ( 3)
 489 T   0.00014 0.66211 0.00914 0.32861 ( 2)
 490 I   0.00006 0.67088 0.00279 0.32628 ( 2)
 491 E   0.05585 0.10186 0.76624 0.07605 ( 3)
 492 T   0.00000 0.59937 0.00001 0.40062 ( 2)
 493 E   0.00023 0.70838 0.00067 0.29072 ( 2)
 494 K   0.90129 0.01470 0.08107 0.00294 ( 1)
 495 L   0.00475 0.00319 0.98819 0.00386 ( 3)
 496 A   0.00132 0.15361 0.69445 0.15061 ( 3)
 497 F   0.67889 0.23723 0.04431 0.03956 ( 1)
 498 L   0.92059 0.01409 0.06293 0.00239 ( 1)
