Supplemental results for CODEML (seqf: ../../inp_data/aln_codawdna.phy  treef: ../../inp_data/Mx_branch_duckchicken.tree)

I	J	ij	2Ns_IJ	pMut_IJ	pSub_IJ	2Ns_JI	pMut_JI	pSub_JI

TTC	TTT	CT	0.78782	0.03023	0.04368	-0.78782	0.06646	0.04368
TTA	TTT	AT	1.95856	0.00313	0.00714	-1.95856	0.02219	0.00714
TTA	TTC	AC	1.17074	0.00717	0.01217	-1.17074	0.02313	0.01217
TTG	TTT	GT	0.87703	0.00736	0.01105	-0.87703	0.01768	0.01105
TTG	TTC	GC	0.08921	0.01686	0.01762	-0.08921	0.01843	0.01762
TTG	TTA	GA	-1.08153	0.03834	0.02127	1.08153	0.01300	0.02127
TCT	TTT	CT	1.52235	0.01450	0.02824	-1.52235	0.06646	0.02824
TCC	TTC	CT	1.19168	0.02104	0.03601	-1.19168	0.06927	0.03601
TCC	TCT	CT	0.45715	0.02104	0.02621	-0.45715	0.03323	0.02621
TCA	TTA	CT	0.42374	0.01226	0.01503	-0.42374	0.01872	0.01503
TCA	TCT	AT	0.85994	0.00470	0.00700	-0.85994	0.01110	0.00700
TCA	TCC	AC	0.40279	0.01076	0.01307	-0.40279	0.01610	0.01307
TCG	TTG	CT	2.04029	0.00572	0.01341	-2.04029	0.04400	0.01341
TCG	TCT	GT	1.39497	0.00219	0.00406	-1.39497	0.00884	0.00406
TCG	TCC	GC	0.93782	0.00502	0.00774	-0.93782	0.01283	0.00774
TCG	TCA	GA	0.53503	0.01142	0.01475	-0.53503	0.01950	0.01475
TAT	TTT	AT	1.39894	0.00548	0.01018	-1.39894	0.02219	0.01018
TAT	TCT	AC	-0.12341	0.01255	0.01180	0.12341	0.01110	0.01180
TAC	TTC	AT	0.88480	0.00955	0.01439	-0.88480	0.02313	0.01439
TAC	TCC	AC	-0.30688	0.02188	0.01869	0.30688	0.01610	0.01869
TAC	TAT	CT	0.27367	0.02492	0.02848	-0.27367	0.03276	0.02848
TGT	TTT	GT	1.65912	0.00337	0.00690	-1.65912	0.01768	0.00690
TGT	TCT	GC	0.13678	0.00771	0.00825	-0.13678	0.00884	0.00825
TGT	TAT	GA	0.26018	0.01754	0.01992	-0.26018	0.02275	0.01992
TGC	TTC	GT	1.21321	0.00548	0.00946	-1.21321	0.01843	0.00946
TGC	TCC	GC	0.02153	0.01255	0.01269	-0.02153	0.01283	0.01269
TGC	TAC	GA	0.32841	0.02855	0.03350	-0.32841	0.03965	0.03350
TGC	TGT	CT	0.34191	0.01430	0.01688	-0.34191	0.02013	0.01688
TGG	TTG	GT	1.20113	0.00352	0.00605	-1.20113	0.01171	0.00605
TGG	TCG	GC	-0.83916	0.00807	0.00515	0.83916	0.00349	0.00515
TGG	TGT	GT	0.41903	0.00352	0.00431	-0.41903	0.00535	0.00431
TGG	TGC	GC	0.07713	0.00807	0.00839	-0.07713	0.00872	0.00839
CTT	TTT	CT	1.16005	0.02083	0.03520	-1.16005	0.06646	0.03520
CTC	TTC	CT	0.99013	0.02574	0.04055	-0.99013	0.06927	0.04055
CTC	CTT	CT	0.61789	0.02574	0.03450	-0.61789	0.04774	0.03450
CTA	TTA	CT	0.64688	0.00980	0.01331	-0.64688	0.01872	0.01331
CTA	CTT	AT	1.44538	0.00376	0.00710	-1.44538	0.01594	0.00710
CTA	CTC	AC	0.82749	0.00861	0.01266	-0.82749	0.01969	0.01266
CTG	TTG	CT	-0.64122	0.08354	0.05960	0.64122	0.04400	0.05960
CTG	CTT	GT	-0.92425	0.03201	0.01946	0.92425	0.01270	0.01946
CTG	CTC	GC	-1.54214	0.07335	0.03078	1.54214	0.01569	0.03078
CTG	CTA	GA	-2.36963	0.16682	0.04078	2.36963	0.01560	0.04078
CCT	TCT	CT	0.53800	0.01940	0.02509	-0.53800	0.03323	0.02509
CCT	CTT	CT	0.90030	0.01940	0.02943	-0.90030	0.04774	0.02943
CCC	TCC	CT	0.99802	0.01777	0.02809	-0.99802	0.04821	0.02809
CCC	CTC	CT	1.19957	0.01777	0.03051	-1.19957	0.05897	0.03051
CCC	CCT	CT	0.91717	0.01777	0.02715	-0.91717	0.04446	0.02715
CCA	TCA	CT	0.41269	0.01859	0.02269	-0.41269	0.02808	0.02269
CCA	CTA	CT	0.18954	0.01859	0.02040	-0.18954	0.02247	0.02040
CCA	CCT	AT	0.73463	0.00712	0.01006	-0.73463	0.01485	0.01006
CCA	CCC	AC	-0.18254	0.01632	0.01488	0.18254	0.01360	0.01488
CCG	TCG	CT	1.07036	0.00449	0.00732	-1.07036	0.01311	0.00732
CCG	CTG	CT	3.75187	0.00449	0.01726	-3.75187	0.19143	0.01726
CCG	CCT	GT	1.92733	0.00172	0.00388	-1.92733	0.01183	0.00388
CCG	CCC	GC	1.01016	0.00395	0.00627	-1.01016	0.01083	0.00627
CCG	CCA	GA	1.19270	0.00897	0.01536	-1.19270	0.02958	0.01536
CAT	TAT	CT	0.96682	0.01246	0.01944	-0.96682	0.03276	0.01944
CAT	CTT	AT	1.20571	0.00477	0.00822	-1.20571	0.01594	0.00822
CAT	CCT	AC	0.30541	0.01094	0.01270	-0.30541	0.01485	0.01270
CAC	TAC	CT	0.87105	0.02390	0.03580	-0.87105	0.05710	0.03580
CAC	CTC	AT	0.76572	0.00916	0.01311	-0.76572	0.01969	0.01311
CAC	CCC	AC	-0.43386	0.02098	0.01676	0.43386	0.01360	0.01676
CAC	CAT	CT	0.17790	0.02390	0.02609	-0.17790	0.02855	0.02609
CAA	CTA	AT	-0.34246	0.01057	0.00886	0.34246	0.00750	0.00886
CAA	CCA	AC	-0.53201	0.02421	0.01834	0.53201	0.01422	0.01834
CAA	CAT	AT	-0.10279	0.01057	0.01003	0.10279	0.00953	0.01003
CAA	CAC	AC	-0.28069	0.02421	0.02097	0.28069	0.01829	0.02097
CAG	CTG	AT	0.79996	0.02872	0.04173	-0.79996	0.06392	0.04173
CAG	CCG	AC	-2.95191	0.06582	0.01071	2.95191	0.00344	0.01071
CAG	CAT	GT	-1.32999	0.02872	0.01374	1.32999	0.00760	0.01374
CAG	CAC	GC	-1.50789	0.06582	0.02822	1.50789	0.01457	0.02822
CAG	CAA	GA	-1.22720	0.14969	0.07617	1.22720	0.04388	0.07617
CGT	TGT	CT	1.37152	0.00511	0.00938	-1.37152	0.02013	0.00938
CGT	CTT	GT	1.87059	0.00196	0.00433	-1.87059	0.01270	0.00433
CGT	CCT	GC	0.97030	0.00448	0.00700	-0.97030	0.01183	0.00700
CGT	CAT	GA	0.66489	0.01020	0.01396	-0.66489	0.01983	0.01396
CGC	TGC	CT	1.24905	0.00940	0.01645	-1.24905	0.03276	0.01645
CGC	CTC	GT	1.47214	0.00360	0.00688	-1.47214	0.01569	0.00688
CGC	CCC	GC	0.27256	0.00825	0.00942	-0.27256	0.01083	0.00942
CGC	CAC	GA	0.70642	0.01876	0.02616	-0.70642	0.03803	0.02616
CGC	CGT	CT	0.21944	0.00940	0.01046	-0.21944	0.01170	0.01046
CGA	CTA	GT	0.69811	0.00297	0.00413	-0.69811	0.00598	0.00413
CGA	CCA	GC	0.50857	0.00681	0.00869	-0.50857	0.01133	0.00869
CGA	CAA	GA	1.04058	0.01550	0.02494	-1.04058	0.04388	0.02494
CGA	CGT	AT	0.27290	0.00297	0.00340	-0.27290	0.00391	0.00340
CGA	CGC	AC	0.05346	0.00681	0.00700	-0.05346	0.00719	0.00700
CGG	TGG	CT	-0.02758	0.02165	0.02135	0.02758	0.02106	0.02135
CGG	CTG	GT	1.81477	0.00830	0.01798	-1.81477	0.05093	0.01798
CGG	CCG	GC	-1.93710	0.01901	0.00620	1.93710	0.00274	0.00620
CGG	CAG	GA	1.01481	0.04323	0.06882	-1.01481	0.11928	0.06882
CGG	CGT	GT	-0.98007	0.00830	0.00488	0.98007	0.00311	0.00488
CGG	CGC	GC	-1.19950	0.01901	0.00984	1.19950	0.00573	0.00984
CGG	CGA	GA	-1.25297	0.04323	0.02166	1.25297	0.01235	0.02166
ATT	TTT	AT	0.51164	0.01330	0.01700	-0.51164	0.02219	0.01700
ATT	CTT	AC	-0.64842	0.03049	0.02166	0.64842	0.01594	0.02166
ATC	TTC	AT	-0.14306	0.02669	0.02482	0.14306	0.02313	0.02482
ATC	CTC	AC	-1.13319	0.06115	0.03291	1.13319	0.01969	0.03291
ATC	ATT	CT	0.13312	0.06965	0.07439	-0.13312	0.07957	0.07439
ATA	TTA	AT	-0.32904	0.00869	0.00734	0.32904	0.00625	0.00734
ATA	CTA	AC	-0.97592	0.01991	0.01175	0.97592	0.00750	0.01175
ATA	ATT	AT	1.11788	0.00869	0.01443	-1.11788	0.02657	0.01443
ATA	ATC	AC	0.98476	0.01991	0.03129	-0.98476	0.05329	0.03129
ATG	TTG	AT	0.19148	0.01213	0.01333	-0.19148	0.01469	0.01333
ATG	CTG	AC	0.83270	0.02780	0.04096	-0.83270	0.06392	0.04096
ATG	ATT	GT	0.55687	0.01213	0.01582	-0.55687	0.02117	0.01582
ATG	ATC	GC	0.42375	0.02780	0.03410	-0.42375	0.04247	0.03410
ATG	ATA	GA	-0.56101	0.06322	0.04714	0.56101	0.03608	0.04714
ACT	TCT	AT	0.49994	0.00673	0.00855	-0.49994	0.01110	0.00855
ACT	CCT	AC	-0.03806	0.01542	0.01513	0.03806	0.01485	0.01513
ACT	ATT	CT	1.51065	0.01757	0.03405	-1.51065	0.07957	0.03405
ACC	TCC	AT	0.38470	0.01096	0.01320	-0.38470	0.01610	0.01320
ACC	CCC	AC	-0.61333	0.02511	0.01819	0.61333	0.01360	0.01819
ACC	ATC	CT	1.71944	0.02860	0.05990	-1.71944	0.15960	0.05990
ACC	ACT	CT	0.34191	0.02860	0.03376	-0.34191	0.04025	0.03376
ACA	TCA	AT	0.09461	0.00853	0.00894	-0.09461	0.00938	0.00894
ACA	CCA	AC	-0.31808	0.01955	0.01660	0.31808	0.01422	0.01660
ACA	ATA	CT	0.84738	0.02226	0.03301	-0.84738	0.05195	0.03301
ACA	ACT	AT	0.45461	0.00853	0.01062	-0.45461	0.01344	0.01062
ACA	ACC	AC	0.11270	0.01955	0.02067	-0.11270	0.02188	0.02067
ACG	TCG	AT	0.19517	0.00360	0.00396	-0.19517	0.00438	0.00396
ACG	CCG	AC	-0.87519	0.00825	0.00516	0.87519	0.00344	0.00516
ACG	ATG	CT	2.04398	0.00940	0.02206	-2.04398	0.07255	0.02206
ACG	ACT	GT	1.09020	0.00360	0.00591	-1.09020	0.01071	0.00591
ACG	ACC	GC	0.74830	0.00825	0.01172	-0.74830	0.01743	0.01172
ACG	ACA	GA	0.63559	0.01876	0.02535	-0.63559	0.03543	0.02535
AAT	TAT	AT	-0.19569	0.01330	0.01205	0.19569	0.01094	0.01205
AAT	CAT	AC	-1.16252	0.03049	0.01612	1.16252	0.00953	0.01612
AAT	ATT	AT	0.69161	0.01330	0.01843	-0.69161	0.02657	0.01843
AAT	ACT	AC	-0.81904	0.03049	0.01969	0.81904	0.01344	0.01969
AAC	TAC	AT	0.55399	0.01096	0.01427	-0.55399	0.01907	0.01427
AAC	CAC	AC	-0.31706	0.02511	0.02134	0.31706	0.01829	0.02134
AAC	ATC	AT	1.58185	0.01096	0.02182	-1.58185	0.05329	0.02182
AAC	ACC	AC	-0.13759	0.02511	0.02342	0.13759	0.02188	0.02342
AAC	AAT	CT	1.02336	0.02860	0.04568	-1.02336	0.07957	0.04568
AAA	CAA	AC	-0.86711	0.05021	0.03155	0.86711	0.02110	0.03155
AAA	ATA	AT	-0.23365	0.02191	0.01945	0.23365	0.01735	0.01945
AAA	ACA	AC	-1.08103	0.05021	0.02787	1.08103	0.01704	0.02787
AAA	AAT	AT	0.19262	0.02191	0.02409	-0.19262	0.02657	0.02409
AAA	AAC	AC	-0.83074	0.05021	0.03221	0.83074	0.02188	0.03221
AAG	CAG	AC	-0.14031	0.06600	0.06147	0.14031	0.05736	0.06147
AAG	ATG	AT	-0.17305	0.02880	0.02638	0.17305	0.02422	0.02638
AAG	ACG	AC	-2.21703	0.06600	0.01789	2.21703	0.00719	0.01789
AAG	AAT	GT	-0.30779	0.02880	0.02460	0.30779	0.02117	0.02460
AAG	AAC	GC	-1.33114	0.06600	0.03154	1.33114	0.01743	0.03154
AAG	AAA	GA	-0.50041	0.15010	0.11566	0.50041	0.09100	0.11566
AGT	TGT	AT	0.01016	0.00665	0.00669	-0.01016	0.00672	0.00669
AGT	CGT	AC	-1.36137	0.01524	0.00715	1.36137	0.00391	0.00715
AGT	ATT	GT	1.15764	0.00665	0.01123	-1.15764	0.02117	0.01123
AGT	ACT	GC	-0.35301	0.01524	0.01271	0.35301	0.01071	0.01271
AGT	AAT	GA	0.46603	0.03467	0.04337	-0.46603	0.05525	0.04337
AGC	TGC	AT	-0.12880	0.01244	0.01166	0.12880	0.01094	0.01166
AGC	CGC	AC	-1.37785	0.02851	0.01324	1.37785	0.00719	0.01324
AGC	ATC	GT	1.22748	0.01244	0.02161	-1.22748	0.04247	0.02161
AGC	ACC	GC	-0.49197	0.02851	0.02207	0.49197	0.01743	0.02207
AGC	AAC	GA	-0.35437	0.06485	0.05404	0.35437	0.04550	0.05404
AGC	AGT	CT	0.20295	0.03248	0.03588	-0.20295	0.03978	0.03588
AGA	CGA	AC	-1.38281	0.02367	0.01096	1.38281	0.00594	0.01096
AGA	ATA	GT	0.29123	0.01033	0.01191	-0.29123	0.01382	0.01191
AGA	ACA	GC	-0.55616	0.02367	0.01770	0.55616	0.01357	0.01770
AGA	AAA	GA	0.52488	0.05384	0.06920	-0.52488	0.09100	0.06920
AGA	AGT	AT	0.25146	0.01033	0.01168	-0.25146	0.01328	0.01168
AGA	AGC	AC	0.04851	0.02367	0.02425	-0.04851	0.02485	0.02425
AGG	TGG	AT	-0.01259	0.00712	0.00708	0.01259	0.00703	0.00708
AGG	CGG	AC	0.01499	0.01632	0.01644	-0.01499	0.01657	0.01644
AGG	ATG	GT	0.99706	0.00712	0.01125	-0.99706	0.01930	0.01125
AGG	ACG	GC	-1.04692	0.01632	0.00924	1.04692	0.00573	0.00924
AGG	AAG	GA	1.17011	0.03712	0.06297	-1.17011	0.11960	0.06297
AGG	AGT	GT	0.39629	0.00712	0.00863	-0.39629	0.01059	0.00863
AGG	AGC	GC	0.19334	0.01632	0.01795	-0.19334	0.01980	0.01795
AGG	AGA	GA	0.14483	0.03712	0.03987	-0.14483	0.04290	0.03987
GTT	TTT	GT	1.07652	0.00603	0.00984	-1.07652	0.01768	0.00984
GTT	CTT	GC	-0.08354	0.01381	0.01324	0.08354	0.01270	0.01324
GTT	ATT	GA	0.56488	0.03141	0.04111	-0.56488	0.05525	0.04111
GTC	TTC	GT	0.64952	0.00963	0.01309	-0.64952	0.01843	0.01309
GTC	CTC	GC	-0.34061	0.02206	0.01851	0.34061	0.01569	0.01851
GTC	ATC	GA	0.79259	0.05017	0.07265	-0.79259	0.11083	0.07265
GTC	GTT	CT	0.36082	0.02512	0.02993	-0.36082	0.03604	0.02993
GTA	TTA	GT	0.30323	0.00368	0.00426	-0.30323	0.00498	0.00426
GTA	CTA	GC	-0.34365	0.00843	0.00706	0.34365	0.00598	0.00706
GTA	ATA	GA	0.63227	0.01917	0.02586	-0.63227	0.03608	0.02586
GTA	GTT	AT	1.18527	0.00368	0.00628	-1.18527	0.01203	0.00628
GTA	GTC	AC	0.82445	0.00843	0.01238	-0.82445	0.01922	0.01238
GTG	TTG	GT	-0.51766	0.01964	0.01500	0.51766	0.01171	0.01500
GTG	CTG	GC	0.12356	0.04501	0.04785	-0.12356	0.05093	0.04785
GTG	ATG	GA	-0.70914	0.10238	0.07033	0.70914	0.05038	0.07033
GTG	GTT	GT	-0.71715	0.01964	0.01343	0.71715	0.00959	0.01343
GTG	GTC	GC	-1.07797	0.04501	0.02503	1.07797	0.01532	0.02503
GTG	GTA	GA	-1.90242	0.10238	0.03416	1.90242	0.01528	0.03416
GCT	TCT	GT	-0.29670	0.01190	0.01022	0.29670	0.00884	0.01022
GCT	CCT	GC	-0.83471	0.02726	0.01745	0.83471	0.01183	0.01745
GCT	ACT	GA	-0.79665	0.06200	0.04055	0.79665	0.02795	0.04055
GCT	GTT	CT	0.14913	0.03105	0.03342	-0.14913	0.03604	0.03342
GCC	TCC	GT	-0.08256	0.01393	0.01336	0.08256	0.01283	0.01336
GCC	CCC	GC	-1.08058	0.03192	0.01772	1.08058	0.01083	0.01772
GCC	ACC	GA	-0.46725	0.07260	0.05696	0.46725	0.04550	0.05696
GCC	GTC	CT	0.45960	0.03636	0.04535	-0.45960	0.05757	0.04535
GCC	GCT	CT	0.67130	0.03636	0.04991	-0.67130	0.07114	0.04991
GCA	TCA	GT	-0.04633	0.00783	0.00765	0.04633	0.00747	0.00765
GCA	CCA	GC	-0.45901	0.01793	0.01413	0.45901	0.01133	0.01413
GCA	ACA	GA	-0.14093	0.04079	0.03798	0.14093	0.03543	0.03798
GCA	GTA	CT	0.07418	0.02043	0.02119	-0.07418	0.02200	0.02119
GCA	GCT	AT	1.11032	0.00783	0.01296	-1.11032	0.02376	0.01296
GCA	GCC	AC	0.43902	0.01793	0.02216	-0.43902	0.02782	0.02216
GCG	TCG	GT	0.66121	0.00180	0.00246	-0.66121	0.00349	0.00246
GCG	CCG	GC	-0.40916	0.00412	0.00334	0.40916	0.00274	0.00334
GCG	ACG	GA	0.46603	0.00938	0.01174	-0.46603	0.01495	0.01174
GCG	GTG	CT	3.21916	0.00470	0.01575	-3.21916	0.11748	0.01575
GCG	GCT	GT	2.35288	0.00180	0.00468	-2.35288	0.01893	0.00468
GCG	GCC	GC	1.68159	0.00412	0.00852	-1.68159	0.02217	0.00852
GCG	GCA	GA	1.24256	0.00938	0.01639	-1.24256	0.03250	0.01639
GAT	TAT	GT	-0.34960	0.01237	0.01033	0.34960	0.00872	0.01033
GAT	CAT	GC	-1.31642	0.02834	0.01366	1.31642	0.00760	0.01366
GAT	AAT	GA	-0.15391	0.06444	0.05961	0.15391	0.05525	0.05961
GAT	GTT	AT	-0.02718	0.01237	0.01220	0.02718	0.01203	0.01220
GAT	GCT	AC	-0.17631	0.02834	0.02591	0.17631	0.02376	0.02591
GAC	TAC	GT	-0.38397	0.02230	0.01830	0.38397	0.01519	0.01830
GAC	CAC	GC	-1.25502	0.05111	0.02558	1.25502	0.01457	0.02558
GAC	AAC	GA	-0.93796	0.11624	0.07013	0.93796	0.04550	0.07013
GAC	GTC	AT	-0.14870	0.02230	0.02069	0.14870	0.01922	0.02069
GAC	GCC	AC	-0.60830	0.05111	0.03713	0.60830	0.02782	0.03713
GAC	GAT	CT	0.23931	0.05821	0.06545	-0.23931	0.07395	0.06545
GAA	CAA	GC	-1.27654	0.06026	0.02977	1.27654	0.01681	0.02977
GAA	AAA	GA	-0.40943	0.13705	0.11090	0.40943	0.09100	0.11090
GAA	GTA	AT	-1.27535	0.02630	0.01300	1.27535	0.00735	0.01300
GAA	GCA	AC	-1.34953	0.06026	0.02848	1.34953	0.01563	0.02848
GAA	GAT	AT	-0.06291	0.02630	0.02548	0.06291	0.02469	0.02548
GAA	GAC	AC	-0.30221	0.06026	0.05161	0.30221	0.04454	0.05161
GAG	CAG	GC	-0.52080	0.07694	0.05863	0.52080	0.04570	0.05863
GAG	AAG	GA	-0.38049	0.17498	0.14380	0.38049	0.11960	0.14380
GAG	GTG	AT	0.15561	0.03357	0.03625	-0.15561	0.03923	0.03625
GAG	GCG	AC	-3.06355	0.07694	0.01155	3.06355	0.00359	0.01155
GAG	GAT	GT	-0.53436	0.03357	0.02540	0.53436	0.01968	0.02540
GAG	GAC	GC	-0.77367	0.07694	0.05097	0.77367	0.03549	0.05097
GAG	GAA	GA	-0.47146	0.17498	0.13696	0.47146	0.10920	0.13696
GGT	TGT	GT	0.16525	0.00454	0.00492	-0.16525	0.00535	0.00492
GGT	CGT	GC	-1.20627	0.01040	0.00536	1.20627	0.00311	0.00536
GGT	AGT	GA	0.15510	0.02366	0.02554	-0.15510	0.02763	0.02554
GGT	GTT	GT	0.74786	0.00454	0.00645	-0.74786	0.00959	0.00645
GGT	GCT	GC	0.59873	0.01040	0.01382	-0.59873	0.01893	0.01382
GGT	GAT	GA	0.77504	0.02366	0.03400	-0.77504	0.05135	0.03400
GGC	TGC	GT	-0.13904	0.01002	0.00934	0.13904	0.00872	0.00934
GGC	CGC	GC	-1.38809	0.02296	0.01060	1.38809	0.00573	0.01060
GGC	AGC	GA	-0.01024	0.05221	0.05194	0.01024	0.05168	0.05194
GGC	GTC	GT	0.42465	0.01002	0.01229	-0.42465	0.01532	0.01229
GGC	GCC	GC	-0.03495	0.02296	0.02256	0.03495	0.02217	0.02256
GGC	GAC	GA	0.57335	0.05221	0.06860	-0.57335	0.09263	0.06860
GGC	GGT	CT	0.03761	0.02614	0.02664	-0.03761	0.02715	0.02664
GGA	CGA	GC	-1.25972	0.01668	0.00832	1.25972	0.00473	0.00832
GGA	AGA	GA	0.12309	0.03793	0.04031	-0.12309	0.04290	0.04031
GGA	GTA	GT	-0.21795	0.00728	0.00651	0.21795	0.00585	0.00651
GGA	GCA	GC	-0.29213	0.01668	0.01436	0.29213	0.01245	0.01436
GGA	GAA	GA	1.05740	0.03793	0.06146	-1.05740	0.10920	0.06146
GGA	GGT	AT	0.21945	0.00728	0.00811	-0.21945	0.00906	0.00811
GGA	GGC	AC	0.18184	0.01668	0.01824	-0.18184	0.02000	0.01824
GGG	TGG	GT	-0.31381	0.00767	0.00653	0.31381	0.00560	0.00653
GGG	CGG	GC	-0.28623	0.01758	0.01518	0.28623	0.01320	0.01518
GGG	AGG	GA	-0.30122	0.03997	0.03425	0.30122	0.02958	0.03425
GGG	GTG	GT	1.40498	0.00767	0.01428	-1.40498	0.03126	0.01428
GGG	GCG	GC	-1.81418	0.01758	0.00621	1.81418	0.00286	0.00621
GGG	GAG	GA	1.24938	0.03997	0.07001	-1.24938	0.13943	0.07001
GGG	GGT	GT	-0.06003	0.00767	0.00744	0.06003	0.00722	0.00744
GGG	GGC	GC	-0.09764	0.01758	0.01673	0.09764	0.01594	0.01673
GGG	GGA	GA	-0.27948	0.03997	0.03465	0.27948	0.03023	0.03465


Histograms
2Ns	FMut	FSub(CodonUsage)	FSubw(after w)

-3.57321	0.01325	0.00138
-3.21589	0.01346	0.00218
-2.85857	0.00456	0.00085
-2.50125	0.01286	0.00363
-2.14393	0.01264	0.00426
-1.78661	0.03019	0.01238
-1.42929	0.06395	0.03372
-1.07196	0.14652	0.09295
-0.71464	0.13098	0.10326
-0.35732	0.17155	0.16207
0.00000	0.14498	0.16667
0.35732	0.11710	0.16207
0.71464	0.06417	0.10326
1.07196	0.04917	0.09295
1.42929	0.01578	0.03372
1.78661	0.00499	0.01238
2.14393	0.00154	0.00426
2.50125	0.00120	0.00363
2.85857	0.00024	0.00085
3.21589	0.00057	0.00218
3.57321	0.00031	0.00138

Proportion of advantageous (S > 0) mutations:
 0.32360

Proportions of good & bad mutations (|S| > 2.0000) among mutations:
0.00387  0.05676

mean |Ns| = 0.82798	mean Ns+ = 0.59048	mean Ns- = -0.94160


MLEs of dN/dS (w) for site classes (K=4)

site class             0        1       2a       2b
proportion       0.37881  0.29100  0.18674  0.14345
background w     0.06753  1.00000  0.06753  1.00000
foreground w     0.06753  1.00000  1.00000  1.00000

Naive Empirical Bayes (NEB) probabilities for 4 classes
(amino acids refer to 1st sequence: Duck_Mx)

   1 M   0.87222 0.00001 0.12777 0.00000 ( 1)
   2 T   0.00001 0.66978 0.00004 0.33017 ( 2)
   3 T   0.00000 0.66981 0.00000 0.33019 ( 2)
   4 Q   0.00143 0.66566 0.00477 0.32814 ( 2)
   5 R   0.00000 0.66981 0.00000 0.33019 ( 2)
   6 N   0.00000 0.66981 0.00000 0.33019 ( 2)
   7 T   0.00000 0.66981 0.00000 0.33019 ( 2)
   8 -   0.37881 0.29100 0.18674 0.14345 ( 1)
   9 -   0.37881 0.29100 0.18674 0.14345 ( 1)
  10 -   0.37881 0.29100 0.18674 0.14345 ( 1)
  11 -   0.37881 0.29100 0.18674 0.14345 ( 1)
  12 -   0.37881 0.29100 0.18674 0.14345 ( 1)
  13 -   0.37881 0.29100 0.18674 0.14345 ( 1)
  14 -   0.37881 0.29100 0.18674 0.14345 ( 1)
  15 -   0.37881 0.29100 0.18674 0.14345 ( 1)
  16 -   0.70759 0.05049 0.21703 0.02489 ( 1)
  17 -   0.03867 0.59420 0.07421 0.29292 ( 2)
  18 -   0.70791 0.04019 0.23209 0.01981 ( 1)
  19 -   0.04310 0.59523 0.06825 0.29342 ( 2)
  20 -   0.00547 0.65584 0.01539 0.32330 ( 2)
  21 -   0.03961 0.61852 0.03697 0.30490 ( 2)
  22 -   0.03651 0.58722 0.08679 0.28947 ( 2)
  23 -   0.02850 0.62366 0.04041 0.30744 ( 2)
  24 -   0.11258 0.53455 0.08937 0.26351 ( 2)
  25 -   0.21696 0.39570 0.19227 0.19506 ( 2)
  26 -   0.41453 0.21966 0.25753 0.10828 ( 1)
  27 -   0.03228 0.61833 0.04458 0.30481 ( 2)
  28 -   0.01118 0.64407 0.02725 0.31750 ( 2)
  29 -   0.01916 0.63099 0.03880 0.31105 ( 2)
  30 -   0.05335 0.57209 0.09254 0.28202 ( 2)
  31 -   0.03143 0.61127 0.05597 0.30133 ( 2)
  32 -   0.05335 0.57209 0.09254 0.28202 ( 2)
  33 -   0.05411 0.54022 0.13937 0.26630 ( 2)
  34 -   0.72390 0.03801 0.21936 0.01874 ( 1)
  35 -   0.72069 0.04134 0.21760 0.02038 ( 1)
  36 -   0.37509 0.21888 0.29814 0.10790 ( 1)
  37 -   0.01693 0.63327 0.03763 0.31218 ( 2)
  38 -   0.34094 0.27056 0.25513 0.13337 ( 1)
  39 -   0.72035 0.06125 0.18821 0.03019 ( 1)
  40 -   0.72069 0.04134 0.21760 0.02038 ( 1)
  41 -   0.05411 0.54022 0.13937 0.26630 ( 2)
  42 -   0.06198 0.55028 0.11648 0.27127 ( 2)
  43 -   0.38739 0.28866 0.18165 0.14230 ( 1)
  44 -   0.06967 0.54945 0.11002 0.27086 ( 2)
  45 -   0.01452 0.64328 0.02509 0.31711 ( 2)
  46 -   0.04652 0.59245 0.06898 0.29205 ( 2)
  47 -   0.72069 0.04134 0.21760 0.02038 ( 1)
  48 -   0.01307 0.64720 0.02068 0.31904 ( 2)
  49 -   0.08084 0.54109 0.11133 0.26673 ( 2)
  50 -   0.17424 0.49667 0.08425 0.24484 ( 2)
  51 -   0.37881 0.29100 0.18674 0.14345 ( 1)
  52 -   0.37881 0.29100 0.18674 0.14345 ( 1)
  53 -   0.37881 0.29100 0.18674 0.14345 ( 1)
  54 -   0.37881 0.29100 0.18674 0.14345 ( 1)
  55 -   0.37881 0.29100 0.18674 0.14345 ( 1)
  56 -   0.37881 0.29100 0.18674 0.14345 ( 1)
  57 -   0.37881 0.29100 0.18674 0.14345 ( 1)
  58 -   0.37881 0.29100 0.18674 0.14345 ( 1)
  59 -   0.37881 0.29100 0.18674 0.14345 ( 1)
  60 -   0.37881 0.29100 0.18674 0.14345 ( 1)
  61 -   0.37881 0.29100 0.18674 0.14345 ( 1)
  62 -   0.37881 0.29100 0.18674 0.14345 ( 1)
  63 -   0.00028 0.66943 0.00029 0.33000 ( 2)
  64 D   0.00000 0.66965 0.00023 0.33011 ( 2)
  65 K   0.00007 0.66729 0.00370 0.32894 ( 2)
  66 P   0.00000 0.66980 0.00002 0.33018 ( 2)
  67 H   0.00518 0.34928 0.47337 0.17218 ( 3)
  68 S   0.00083 0.64024 0.04332 0.31561 ( 2)
  69 K   0.00004 0.66966 0.00020 0.33011 ( 2)
  70 P   0.00002 0.66978 0.00002 0.33017 ( 2)
  71 -   0.37881 0.29100 0.18674 0.14345 ( 1)
  72 -   0.37881 0.29100 0.18674 0.14345 ( 1)
  73 -   0.37881 0.29100 0.18674 0.14345 ( 1)
  74 E   0.08987 0.55818 0.07679 0.27516 ( 2)
  75 D   0.00007 0.66937 0.00060 0.32997 ( 2)
  76 Q   0.00005 0.66960 0.00027 0.33008 ( 2)
  77 W   0.00007 0.66712 0.00395 0.32886 ( 2)
  78 N   0.00000 0.66981 0.00000 0.33019 ( 2)
  79 M   0.00000 0.66981 0.00000 0.33019 ( 2)
  80 Y   0.02082 0.58951 0.09906 0.29060 ( 2)
  81 N   0.18516 0.21888 0.48807 0.10790 ( 3)
  82 R   0.00736 0.66390 0.00147 0.32727 ( 2)
  83 N   0.00000 0.66981 0.00001 0.33019 ( 2)
  84 P   0.00000 0.66980 0.00002 0.33018 ( 2)
  85 K   0.37881 0.29100 0.18674 0.14345 ( 1)
  86 F   0.37881 0.29100 0.18674 0.14345 ( 1)
  87 K   0.37881 0.29100 0.18674 0.14345 ( 1)
  88 A   0.37881 0.29100 0.18674 0.14345 ( 1)
  89 T   0.37881 0.29100 0.18674 0.14345 ( 1)
  90 A   0.37881 0.29100 0.18674 0.14345 ( 1)
  91 K   0.37881 0.29100 0.18674 0.14345 ( 1)
  92 R   0.37881 0.29100 0.18674 0.14345 ( 1)
  93 C   0.37881 0.29100 0.18674 0.14345 ( 1)
  94 S   0.37881 0.29100 0.18674 0.14345 ( 1)
  95 P   0.37881 0.29100 0.18674 0.14345 ( 1)
  96 N   0.37881 0.29100 0.18674 0.14345 ( 1)
  97 L   0.37881 0.29100 0.18674 0.14345 ( 1)
  98 M   0.37881 0.29100 0.18674 0.14345 ( 1)
  99 K   0.37881 0.29100 0.18674 0.14345 ( 1)
 100 D   0.37881 0.29100 0.18674 0.14345 ( 1)
 101 G   0.37881 0.29100 0.18674 0.14345 ( 1)
 102 F   0.37881 0.29100 0.18674 0.14345 ( 1)
 103 Q   0.37881 0.29100 0.18674 0.14345 ( 1)
 104 S   0.37881 0.29100 0.18674 0.14345 ( 1)
 105 L   0.37881 0.29100 0.18674 0.14345 ( 1)
 106 S   0.37881 0.29100 0.18674 0.14345 ( 1)
 107 S   0.37881 0.29100 0.18674 0.14345 ( 1)
 108 P   0.37881 0.29100 0.18674 0.14345 ( 1)
 109 V   0.37881 0.29100 0.18674 0.14345 ( 1)
 110 C   0.37881 0.29100 0.18674 0.14345 ( 1)
 111 I   0.37881 0.29100 0.18674 0.14345 ( 1)
 112 E   0.37881 0.29100 0.18674 0.14345 ( 1)
 113 A   0.37881 0.29100 0.18674 0.14345 ( 1)
 114 S   0.37881 0.29100 0.18674 0.14345 ( 1)
 115 A   0.37881 0.29100 0.18674 0.14345 ( 1)
 116 V   0.37881 0.29100 0.18674 0.14345 ( 1)
 117 P   0.37881 0.29100 0.18674 0.14345 ( 1)
 118 L   0.37881 0.29100 0.18674 0.14345 ( 1)
 119 P   0.37881 0.29100 0.18674 0.14345 ( 1)
 120 P   0.37881 0.29100 0.18674 0.14345 ( 1)
 121 D   0.37881 0.29100 0.18674 0.14345 ( 1)
 122 S   0.37881 0.29100 0.18674 0.14345 ( 1)
 123 D   0.37881 0.29100 0.18674 0.14345 ( 1)
 124 D   0.37881 0.29100 0.18674 0.14345 ( 1)
 125 E   0.37881 0.29100 0.18674 0.14345 ( 1)
 126 I   0.37881 0.29100 0.18674 0.14345 ( 1)
 127 Y   0.37881 0.29100 0.18674 0.14345 ( 1)
 128 F   0.37881 0.29100 0.18674 0.14345 ( 1)
 129 P   0.37881 0.29100 0.18674 0.14345 ( 1)
 130 V   0.37881 0.29100 0.18674 0.14345 ( 1)
 131 P   0.37881 0.29100 0.18674 0.14345 ( 1)
 132 E   0.37881 0.29100 0.18674 0.14345 ( 1)
 133 Q   0.37881 0.29100 0.18674 0.14345 ( 1)
 134 T   0.37881 0.29100 0.18674 0.14345 ( 1)
 135 T   0.37881 0.29100 0.18674 0.14345 ( 1)
 136 K   0.37881 0.29100 0.18674 0.14345 ( 1)
 137 E   0.37881 0.29100 0.18674 0.14345 ( 1)
 138 S   0.37881 0.29100 0.18674 0.14345 ( 1)
 139 Q   0.37881 0.29100 0.18674 0.14345 ( 1)
 140 H   0.37881 0.29100 0.18674 0.14345 ( 1)
 141 E   0.37881 0.29100 0.18674 0.14345 ( 1)
 142 Q   0.37881 0.29100 0.18674 0.14345 ( 1)
 143 K   0.37881 0.29100 0.18674 0.14345 ( 1)
 144 V   0.37881 0.29100 0.18674 0.14345 ( 1)
 145 S   0.37881 0.29100 0.18674 0.14345 ( 1)
 146 M   0.37881 0.29100 0.18674 0.14345 ( 1)
 147 K   0.00000 0.66979 0.00003 0.33018 ( 2)
 148 L   0.00000 0.66981 0.00000 0.33019 ( 2)
 149 H   0.00001 0.66953 0.00041 0.33005 ( 2)
 150 -   0.37881 0.29100 0.18674 0.14345 ( 1)
 151 -   0.37881 0.29100 0.18674 0.14345 ( 1)
 152 E   0.00010 0.66973 0.00003 0.33015 ( 2)
 153 E   0.01910 0.65326 0.00560 0.32203 ( 2)
 154 Q   0.00000 0.66980 0.00002 0.33018 ( 2)
 155 D   0.00000 0.66978 0.00005 0.33017 ( 2)
 156 V   0.00001 0.66969 0.00018 0.33013 ( 2)
 157 Q   0.00000 0.66980 0.00002 0.33018 ( 2)
 158 A   0.00007 0.66976 0.00002 0.33016 ( 2)
 159 A   0.00004 0.66978 0.00001 0.33017 ( 2)
 160 E   0.00272 0.66048 0.01121 0.32559 ( 2)
 161 H   0.00087 0.63697 0.04817 0.31400 ( 2)
 162 T   0.12488 0.00924 0.86132 0.00456 ( 3)
 163 L   0.75740 0.01843 0.21509 0.00908 ( 1)
 164 Y   0.04784 0.46868 0.25245 0.23104 ( 2)
 165 N   0.78752 0.01895 0.18418 0.00934 ( 1)
 166 Q   0.74114 0.03758 0.20276 0.01852 ( 1)
 167 Y   0.81854 0.00030 0.18102 0.00015 ( 1)
 168 E   0.20879 0.00949 0.77703 0.00468 ( 3)
 169 E   0.01286 0.20563 0.68015 0.10137 ( 3)
 170 K   0.79475 0.00128 0.20333 0.00063 ( 1)
 171 I   0.65837 0.03841 0.28429 0.01893 ( 1)
 172 R   0.82361 0.00006 0.17631 0.00003 ( 1)
 173 P   0.81158 0.00012 0.18824 0.00006 ( 1)
 174 C   0.84360 0.00005 0.15632 0.00002 ( 1)
 175 I   0.78697 0.00276 0.20891 0.00136 ( 1)
 176 D   0.82781 0.00033 0.17169 0.00016 ( 1)
 177 L   0.80996 0.00050 0.18930 0.00025 ( 1)
 178 I   0.21933 0.01361 0.76035 0.00671 ( 3)
 179 D   0.81727 0.00034 0.18222 0.00017 ( 1)
 180 S   0.22409 0.48082 0.05807 0.23702 ( 2)
 181 L   0.69739 0.02811 0.26065 0.01386 ( 1)
 182 R   0.83057 0.00031 0.16898 0.00015 ( 1)
 183 A   0.01600 0.07749 0.86831 0.03820 ( 3)
 184 L   0.79160 0.01437 0.18695 0.00708 ( 1)
 185 G   0.20497 0.00037 0.79448 0.00018 ( 3)
 186 I   0.73650 0.03291 0.21437 0.01622 ( 1)
 187 E   0.21648 0.01008 0.76847 0.00497 ( 3)
 188 K   0.17494 0.14436 0.60954 0.07116 ( 3)
 189 D   0.81727 0.00034 0.18222 0.00017 ( 1)
 190 L   0.69533 0.03000 0.25989 0.01479 ( 1)
 191 S   0.00592 0.02791 0.95242 0.01376 ( 3)
 192 L   0.75418 0.02120 0.21417 0.01045 ( 1)
 193 P   0.81158 0.00010 0.18827 0.00005 ( 1)
 194 A   0.82282 0.00049 0.17645 0.00024 ( 1)
 195 I   0.77483 0.00367 0.21969 0.00181 ( 1)
 196 A   0.82263 0.00063 0.17642 0.00031 ( 1)
 197 V   0.77614 0.00013 0.22367 0.00006 ( 1)
 198 I   0.78654 0.00311 0.20882 0.00153 ( 1)
 199 G   0.83908 0.00006 0.16083 0.00003 ( 1)
 200 D   0.81727 0.00034 0.18222 0.00017 ( 1)
 201 Q   0.19784 0.01550 0.77901 0.00764 ( 3)
 202 S   0.27612 0.00049 0.72315 0.00024 ( 3)
 203 S   0.82917 0.00031 0.17036 0.00015 ( 1)
 204 G   0.84705 0.00009 0.15282 0.00004 ( 1)
 205 K   0.80722 0.00122 0.19096 0.00060 ( 1)
 206 S   0.83371 0.00010 0.16614 0.00005 ( 1)
 207 S   0.82416 0.00017 0.17558 0.00008 ( 1)
 208 I   0.24454 0.01605 0.73150 0.00791 ( 3)
 209 L   0.79593 0.01153 0.18686 0.00568 ( 1)
 210 E   0.78762 0.00224 0.20904 0.00110 ( 1)
 211 A   0.79868 0.00036 0.20079 0.00018 ( 1)
 212 L   0.71605 0.02739 0.24306 0.01350 ( 1)
 213 S   0.82901 0.00045 0.17032 0.00022 ( 1)
 214 G   0.85182 0.00008 0.14807 0.00004 ( 1)
 215 V   0.84861 0.00011 0.15123 0.00005 ( 1)
 216 S   0.19151 0.00378 0.80284 0.00186 ( 3)
 217 L   0.80830 0.00058 0.19084 0.00028 ( 1)
 218 P   0.81158 0.00012 0.18824 0.00006 ( 1)
 219 R   0.86040 0.00010 0.13946 0.00005 ( 1)
 220 G   0.24378 0.00073 0.75513 0.00036 ( 3)
 221 N   0.19400 0.00409 0.79990 0.00202 ( 3)
 222 G   0.85178 0.00005 0.14815 0.00002 ( 1)
 223 I   0.20787 0.01016 0.77695 0.00501 ( 3)
 224 V   0.24418 0.00091 0.75445 0.00045 ( 3)
 225 T   0.84906 0.00010 0.15078 0.00005 ( 1)
 226 R   0.84419 0.00016 0.15557 0.00008 ( 1)
 227 C   0.83982 0.00006 0.16010 0.00003 ( 1)
 228 P   0.82351 0.00009 0.17636 0.00004 ( 1)
 229 L   0.70784 0.01849 0.26455 0.00912 ( 1)
 230 E   0.71384 0.04907 0.21290 0.02419 ( 1)
 231 L   0.79125 0.01466 0.18687 0.00723 ( 1)
 232 K   0.79511 0.01134 0.18797 0.00559 ( 1)
 233 L   0.70669 0.01960 0.26406 0.00966 ( 1)
 234 K   0.78605 0.01874 0.18597 0.00924 ( 1)
 235 K   0.78917 0.01625 0.18657 0.00801 ( 1)
 236 I   0.04367 0.55659 0.12536 0.27438 ( 2)
 237 P   0.00000 0.66981 0.00000 0.33019 ( 2)
 238 T   0.00000 0.66981 0.00000 0.33019 ( 2)
 239 -   0.37881 0.29100 0.18674 0.14345 ( 1)
 240 S   0.00335 0.65970 0.01174 0.32520 ( 2)
 241 Q   0.00321 0.66695 0.00107 0.32878 ( 2)
 242 E   0.00369 0.66669 0.00098 0.32865 ( 2)
 243 W   0.83305 0.00006 0.16686 0.00003 ( 1)
 244 K   0.00131 0.66865 0.00043 0.32961 ( 2)
 245 G   0.84706 0.00010 0.15280 0.00005 ( 1)
 246 K   0.01560 0.06352 0.88956 0.03131 ( 3)
 247 I   0.71206 0.03248 0.23944 0.01601 ( 1)
 248 S   0.00043 0.66785 0.00250 0.32922 ( 2)
 249 Y   0.80156 0.00657 0.18863 0.00324 ( 1)
 250 R   0.00000 0.66981 0.00000 0.33019 ( 2)
 251 N   0.78536 0.02731 0.17387 0.01346 ( 1)
 252 I   0.00000 0.66981 0.00000 0.33019 ( 2)
 253 S   0.00404 0.08197 0.87358 0.04041 ( 3)
 254 T   0.00181 0.66503 0.00533 0.32783 ( 2)
 255 D   0.01507 0.02119 0.95329 0.01045 ( 3)
 256 L   0.00111 0.66884 0.00034 0.32971 ( 2)
 257 Q   0.00002 0.66979 0.00001 0.33018 ( 2)
 258 H   0.12023 0.12066 0.69963 0.05948 ( 3)
 259 A   0.09708 0.59080 0.02089 0.29124 ( 2)
 260 S   0.47471 0.26672 0.12708 0.13148 ( 1)
 261 E   0.00178 0.66830 0.00048 0.32944 ( 2)
 262 V   0.77477 0.00097 0.22378 0.00048 ( 1)
 263 E   0.19946 0.01034 0.78511 0.00510 ( 3)
 264 N   0.00018 0.66928 0.00062 0.32992 ( 2)
 265 A   0.37705 0.35827 0.08807 0.17661 ( 1)
 266 I   0.80667 0.02428 0.15709 0.01197 ( 1)
 267 R   0.07335 0.60680 0.02072 0.29912 ( 2)
 268 N   0.05590 0.50424 0.19129 0.24857 ( 2)
 269 A   0.79367 0.01063 0.19046 0.00524 ( 1)
 270 Q   0.78039 0.00343 0.21449 0.00169 ( 1)
 271 D   0.50019 0.24287 0.13721 0.11973 ( 1)
 272 V   0.00000 0.66981 0.00000 0.33019 ( 2)
 273 V   0.48435 0.24690 0.14703 0.12171 ( 1)
 274 A   0.78818 0.00106 0.21024 0.00052 ( 1)
 275 G   0.84333 0.00006 0.15659 0.00003 ( 1)
 276 T   0.00084 0.66909 0.00023 0.32983 ( 2)
 277 K   0.13341 0.06760 0.76567 0.03332 ( 3)
 278 G   0.00000 0.66981 0.00000 0.33019 ( 2)
 279 N   0.02373 0.59025 0.09505 0.29097 ( 2)
 280 I   0.78635 0.00326 0.20878 0.00161 ( 1)
 281 S   0.24570 0.00037 0.75375 0.00018 ( 3)
 282 G   0.01677 0.65613 0.00365 0.32345 ( 2)
 283 E   0.39391 0.33592 0.10457 0.16559 ( 1)
 284 L   0.80711 0.00104 0.19134 0.00051 ( 1)
 285 I   0.78746 0.00238 0.20899 0.00117 ( 1)
 286 S   0.03097 0.64303 0.00901 0.31699 ( 2)
 287 L   0.78554 0.01545 0.19139 0.00762 ( 1)
 288 E   0.75046 0.03371 0.19921 0.01662 ( 1)
 289 I   0.65007 0.07571 0.23689 0.03732 ( 1)
 290 C   0.18509 0.16360 0.57066 0.08065 ( 3)
 291 S   0.82323 0.00025 0.17639 0.00012 ( 1)
 292 P   0.71264 0.08352 0.16267 0.04117 ( 1)
 293 Y   0.05660 0.30011 0.49535 0.14794 ( 3)
 294 V   0.84643 0.00007 0.15347 0.00003 ( 1)
 295 P   0.81032 0.00013 0.18948 0.00007 ( 1)
 296 D   0.81730 0.00030 0.18226 0.00015 ( 1)
 297 L   0.69533 0.03000 0.25989 0.01479 ( 1)
 298 T   0.82916 0.00008 0.17072 0.00004 ( 1)
 299 L   0.73008 0.06477 0.17322 0.03193 ( 1)
 300 I   0.78947 0.00065 0.20956 0.00032 ( 1)
 301 D   0.82781 0.00033 0.17169 0.00016 ( 1)
 302 L   0.80817 0.00068 0.19081 0.00034 ( 1)
 303 P   0.81120 0.00034 0.18830 0.00017 ( 1)
 304 G   0.83909 0.00009 0.16078 0.00004 ( 1)
 305 I   0.78746 0.00233 0.20907 0.00115 ( 1)
 306 A   0.76499 0.00181 0.23231 0.00089 ( 1)
 307 R   0.83097 0.00006 0.16893 0.00003 ( 1)
 308 V   0.17719 0.00691 0.81249 0.00341 ( 3)
 309 A   0.80490 0.00126 0.19322 0.00062 ( 1)
 310 M   0.20809 0.01225 0.77363 0.00604 ( 3)
 311 R   0.26866 0.01660 0.70655 0.00818 ( 3)
 312 N   0.84708 0.00140 0.15083 0.00069 ( 1)
 313 Q   0.76806 0.00365 0.22649 0.00180 ( 1)
 314 P   0.81016 0.00032 0.18936 0.00016 ( 1)
 315 Q   0.00000 0.66981 0.00000 0.33019 ( 2)
 316 D   0.81849 0.00034 0.18100 0.00017 ( 1)
 317 I   0.18835 0.01041 0.79612 0.00513 ( 3)
 318 G   0.79109 0.04021 0.14888 0.01982 ( 1)
 319 E   0.00000 0.66981 0.00000 0.33019 ( 2)
 320 Q   0.03280 0.64136 0.00968 0.31616 ( 2)
 321 I   0.71532 0.04956 0.21069 0.02443 ( 1)
 322 K   0.80722 0.00122 0.19096 0.00060 ( 1)
 323 K   0.00005 0.66967 0.00017 0.33012 ( 2)
 324 L   0.80760 0.00070 0.19136 0.00034 ( 1)
 325 I   0.18703 0.01525 0.79020 0.00752 ( 3)
 326 K   0.00329 0.66701 0.00090 0.32881 ( 2)
 327 K   0.12088 0.56969 0.02859 0.28083 ( 2)
 328 I   0.01623 0.00760 0.97243 0.00374 ( 3)
 329 I   0.78618 0.00340 0.20875 0.00167 ( 1)
 330 S   0.00000 0.66981 0.00001 0.33019 ( 2)
 331 S   0.00552 0.64965 0.02458 0.32025 ( 2)
 332 K   0.73294 0.04170 0.20481 0.02056 ( 1)
 333 E   0.74230 0.03838 0.20040 0.01892 ( 1)
 334 T   0.82918 0.00006 0.17072 0.00003 ( 1)
 335 I   0.76795 0.00392 0.22619 0.00193 ( 1)
 336 N   0.19564 0.02337 0.76947 0.01152 ( 3)
 337 L   0.16649 0.03748 0.77756 0.01848 ( 3)
 338 V   0.85852 0.00130 0.13955 0.00064 ( 1)
 339 V   0.77316 0.00228 0.22343 0.00113 ( 1)
 340 V   0.81807 0.00010 0.18178 0.00005 ( 1)
 341 P   0.81051 0.00012 0.18931 0.00006 ( 1)
 342 C   0.00358 0.66694 0.00070 0.32877 ( 2)
 343 N   0.82629 0.00004 0.17365 0.00002 ( 1)
 344 V   0.77256 0.00279 0.22327 0.00138 ( 1)
 345 D   0.82781 0.00033 0.17169 0.00016 ( 1)
 346 I   0.78784 0.00208 0.20906 0.00102 ( 1)
 347 A   0.82279 0.00051 0.17645 0.00025 ( 1)
 348 T   0.82912 0.00011 0.17072 0.00005 ( 1)
 349 T   0.82904 0.00011 0.17079 0.00005 ( 1)
 350 E   0.78758 0.00225 0.20906 0.00111 ( 1)
 351 A   0.86163 0.00003 0.13832 0.00002 ( 1)
 352 L   0.69582 0.02955 0.26007 0.01456 ( 1)
 353 K   0.00595 0.66436 0.00220 0.32750 ( 2)
 354 M   0.87222 0.00001 0.12777 0.00000 ( 1)
 355 A   0.78810 0.00111 0.21024 0.00055 ( 1)
 356 Q   0.78038 0.02098 0.18830 0.01034 ( 1)
 357 E   0.74990 0.03192 0.20245 0.01573 ( 1)
 358 V   0.77256 0.00279 0.22327 0.00138 ( 1)
 359 D   0.81849 0.00034 0.18100 0.00017 ( 1)
 360 P   0.82495 0.00011 0.17488 0.00006 ( 1)
 361 K   0.00028 0.66869 0.00139 0.32964 ( 2)
 362 G   0.83900 0.00008 0.16088 0.00004 ( 1)
 363 E   0.75748 0.00598 0.23359 0.00295 ( 1)
 364 R   0.86068 0.00003 0.13927 0.00001 ( 1)
 365 T   0.83971 0.00010 0.16014 0.00005 ( 1)
 366 L   0.77006 0.01243 0.21137 0.00613 ( 1)
 367 G   0.84701 0.00007 0.15288 0.00003 ( 1)
 368 I   0.15113 0.19027 0.56481 0.09379 ( 3)
 369 L   0.80459 0.00598 0.18649 0.00295 ( 1)
 370 T   0.83876 0.00008 0.16113 0.00004 ( 1)
 371 K   0.80722 0.00122 0.19096 0.00060 ( 1)
 372 P   0.81374 0.00024 0.18590 0.00012 ( 1)
 373 D   0.81961 0.00022 0.18006 0.00011 ( 1)
 374 L   0.73978 0.01945 0.23118 0.00959 ( 1)
 375 V   0.75061 0.02175 0.21693 0.01072 ( 1)
 376 D   0.26089 0.00164 0.73667 0.00081 ( 3)
 377 I   0.00041 0.65112 0.02749 0.32098 ( 2)
 378 G   0.83904 0.00008 0.16084 0.00004 ( 1)
 379 T   0.84768 0.00121 0.15050 0.00060 ( 1)
 380 E   0.78787 0.00208 0.20902 0.00103 ( 1)
 381 E   0.00140 0.66859 0.00043 0.32959 ( 2)
 382 Y   0.00071 0.64139 0.04172 0.31618 ( 2)
 383 I   0.24158 0.02022 0.72824 0.00997 ( 3)
 384 I   0.00544 0.63010 0.05385 0.31061 ( 2)
 385 S   0.01096 0.27992 0.57113 0.13799 ( 3)
 386 I   0.73650 0.03291 0.21437 0.01622 ( 1)
 387 V   0.00818 0.64986 0.02161 0.32035 ( 2)
 388 Q   0.70078 0.05784 0.21286 0.02851 ( 1)
 389 N   0.85342 0.00001 0.14657 0.00001 ( 1)
 390 E   0.32974 0.36265 0.12884 0.17877 ( 2)
 391 V   0.79182 0.04326 0.14360 0.02132 ( 1)
 392 I   0.00033 0.66951 0.00011 0.33004 ( 2)
 393 P   0.58070 0.18786 0.13883 0.09261 ( 1)
 394 L   0.80029 0.00994 0.18488 0.00490 ( 1)
 395 R   0.78820 0.01021 0.19656 0.00503 ( 1)
 396 K   0.80722 0.00122 0.19096 0.00060 ( 1)
 397 G   0.84272 0.00011 0.15711 0.00005 ( 1)
 398 Y   0.81327 0.00042 0.18611 0.00021 ( 1)
 399 M   0.87222 0.00001 0.12777 0.00000 ( 1)
 400 V   0.21040 0.01533 0.76671 0.00756 ( 3)
 401 V   0.77608 0.00018 0.22365 0.00009 ( 1)
 402 K   0.79752 0.00128 0.20056 0.00063 ( 1)
 403 C   0.83982 0.00005 0.16011 0.00003 ( 1)
 404 R   0.02660 0.00160 0.97101 0.00079 ( 3)
 405 G   0.84847 0.00009 0.15141 0.00004 ( 1)
 406 Q   0.80226 0.00279 0.19358 0.00137 ( 1)
 407 R   0.04800 0.08039 0.83198 0.03963 ( 3)
 408 D   0.68409 0.10944 0.15253 0.05395 ( 1)
 409 I   0.17194 0.01679 0.80300 0.00828 ( 3)
 410 H   0.00003 0.66889 0.00134 0.32973 ( 2)
 411 N   0.00497 0.66589 0.00088 0.32825 ( 2)
 412 K   0.00227 0.65982 0.01265 0.32526 ( 2)
 413 L   0.06877 0.60811 0.02334 0.29977 ( 2)
 414 T   0.18791 0.01188 0.79436 0.00585 ( 3)
 415 L   0.18477 0.06821 0.71339 0.03363 ( 3)
 416 A   0.00057 0.66821 0.00182 0.32940 ( 2)
 417 S   0.01692 0.65555 0.00437 0.32316 ( 2)
 418 A   0.81467 0.00061 0.18442 0.00030 ( 1)
 419 I   0.00084 0.66905 0.00030 0.32981 ( 2)
 420 H   0.14556 0.20334 0.55086 0.10024 ( 3)
 421 Q   0.00709 0.66358 0.00221 0.32712 ( 2)
 422 E   0.78474 0.00228 0.21185 0.00113 ( 1)
 423 R   0.00009 0.66974 0.00002 0.33015 ( 2)
 424 Q   0.00000 0.66981 0.00000 0.33019 ( 2)
 425 F   0.81225 0.00041 0.18714 0.00020 ( 1)
 426 F   0.79432 0.00117 0.20393 0.00058 ( 1)
 427 E   0.40275 0.32690 0.10920 0.16115 ( 1)
 428 T   0.00001 0.66981 0.00000 0.33019 ( 2)
 429 H   0.85650 0.00002 0.14346 0.00001 ( 1)
 430 K   0.00069 0.66919 0.00024 0.32988 ( 2)
 431 C   0.00232 0.61019 0.08669 0.30080 ( 2)
 432 F   0.81225 0.00041 0.18714 0.00020 ( 1)
 433 S   0.80172 0.01238 0.17979 0.00610 ( 1)
 434 I   0.00005 0.66963 0.00023 0.33010 ( 2)
 435 L   0.80761 0.00114 0.19068 0.00056 ( 1)
 436 L   0.69977 0.02592 0.26153 0.01278 ( 1)
 437 D   0.79466 0.01785 0.17870 0.00880 ( 1)
 438 Q   0.15153 0.15239 0.62096 0.07512 ( 3)
 439 N   0.71232 0.02225 0.25445 0.01097 ( 1)
 440 K   0.00254 0.66767 0.00065 0.32913 ( 2)
 441 A   0.78864 0.00072 0.21028 0.00036 ( 1)
 442 T   0.84915 0.00006 0.15077 0.00003 ( 1)
 443 I   0.18979 0.49759 0.06733 0.24529 ( 2)
 444 P   0.81460 0.00011 0.18524 0.00005 ( 1)
 445 H   0.01698 0.65556 0.00430 0.32316 ( 2)
 446 L   0.69798 0.02756 0.26087 0.01359 ( 1)
 447 A   0.82315 0.00017 0.17660 0.00008 ( 1)
 448 M   0.00226 0.56964 0.14730 0.28081 ( 2)
 449 K   0.12825 0.56091 0.03434 0.27650 ( 2)
 450 L   0.80406 0.00489 0.18864 0.00241 ( 1)
 451 T   0.82912 0.00011 0.17072 0.00005 ( 1)
 452 N   0.00000 0.66981 0.00000 0.33019 ( 2)
 453 E   0.78751 0.00232 0.20903 0.00114 ( 1)
 454 L   0.80838 0.00052 0.19085 0.00026 ( 1)
 455 V   0.38067 0.33702 0.11618 0.16614 ( 1)
 456 A   0.00001 0.66976 0.00006 0.33016 ( 2)
 457 H   0.31532 0.00013 0.68448 0.00006 ( 3)
 458 I   0.78633 0.00327 0.20879 0.00161 ( 1)
 459 I   0.00969 0.66106 0.00337 0.32587 ( 2)
 460 K   0.80791 0.00073 0.19099 0.00036 ( 1)
 461 T   0.77788 0.04894 0.14905 0.02413 ( 1)
 462 L   0.76183 0.01462 0.21634 0.00721 ( 1)
 463 P   0.81159 0.00011 0.18824 0.00005 ( 1)
 464 T   0.00183 0.66156 0.01050 0.32612 ( 2)
 465 I   0.80438 0.00806 0.18359 0.00397 ( 1)
 466 E   0.78493 0.00206 0.21199 0.00102 ( 1)
 467 S   0.00123 0.63485 0.05097 0.31295 ( 2)
 468 Q   0.80501 0.00070 0.19394 0.00035 ( 1)
 469 I   0.26690 0.00128 0.73119 0.00063 ( 3)
 470 R   0.00088 0.66781 0.00212 0.32920 ( 2)
 471 E   0.00179 0.66423 0.00654 0.32744 ( 2)
 472 V   0.00001 0.66976 0.00006 0.33016 ( 2)
 473 L   0.71923 0.00341 0.27568 0.00168 ( 1)
 474 Q   0.75616 0.04111 0.18245 0.02027 ( 1)
 475 K   0.00000 0.66981 0.00000 0.33019 ( 2)
 476 S   0.00021 0.66884 0.00124 0.32971 ( 2)
 477 V   0.00359 0.33884 0.49054 0.16703 ( 3)
 478 Q   0.09338 0.06161 0.81464 0.03037 ( 3)
 479 E   0.78758 0.00225 0.20906 0.00111 ( 1)
 480 L   0.80579 0.00217 0.19096 0.00107 ( 1)
 481 Q   0.78622 0.01626 0.18950 0.00802 ( 1)
 482 K   0.71161 0.07122 0.18206 0.03511 ( 1)
 483 Y   0.80500 0.00375 0.18941 0.00185 ( 1)
 484 R   0.16722 0.00703 0.82228 0.00347 ( 3)
 485 R   0.00000 0.66981 0.00000 0.33019 ( 2)
 486 G   0.20762 0.01694 0.76709 0.00835 ( 3)
 487 T   0.16840 0.52841 0.04270 0.26048 ( 2)
 488 P   0.24621 0.00129 0.75186 0.00064 ( 3)
 489 T   0.00020 0.66864 0.00155 0.32961 ( 2)
 490 I   0.00009 0.66942 0.00050 0.32999 ( 2)
 491 E   0.07759 0.12770 0.73175 0.06295 ( 3)
 492 T   0.00000 0.66980 0.00001 0.33018 ( 2)
 493 E   0.00029 0.66893 0.00104 0.32975 ( 2)
 494 K   0.78207 0.01126 0.20111 0.00555 ( 1)
 495 L   0.01060 0.00613 0.98025 0.00302 ( 3)
 496 A   0.00453 0.43544 0.34538 0.21465 ( 2)
 497 F   0.59426 0.17995 0.13708 0.08871 ( 1)
 498 L   0.79637 0.01120 0.18690 0.00552 ( 1)
