Supplemental results for CODEML (seqf: ../../inp_data/aln_codawdna.phy  treef: ../../inp_data/Mx_branch_bird.tree)

I	J	ij	2Ns_IJ	pMut_IJ	pSub_IJ	2Ns_JI	pMut_JI	pSub_JI

TTC	TTT	CT	0.77409	0.03040	0.04367	-0.77409	0.06593	0.04367
TTA	TTT	AT	1.94602	0.00318	0.00721	-1.94602	0.02224	0.00721
TTA	TTC	AC	1.17193	0.00718	0.01219	-1.17193	0.02318	0.01219
TTG	TTT	GT	0.86250	0.00746	0.01114	-0.86250	0.01768	0.01114
TTG	TTC	GC	0.08841	0.01687	0.01763	-0.08841	0.01843	0.01763
TTG	TTA	GA	-1.08352	0.03808	0.02110	1.08352	0.01289	0.02110
TCT	TTT	CT	1.50862	0.01458	0.02825	-1.50862	0.06593	0.02825
TCC	TTC	CT	1.17796	0.02116	0.03601	-1.17796	0.06872	0.03601
TCC	TCT	CT	0.44342	0.02116	0.02619	-0.44342	0.03296	0.02619
TCA	TTA	CT	0.41001	0.01233	0.01502	-0.41001	0.01857	0.01502
TCA	TCT	AT	0.84741	0.00476	0.00706	-0.84741	0.01112	0.00706
TCA	TCC	AC	0.40398	0.01077	0.01309	-0.40398	0.01613	0.01309
TCG	TTG	CT	2.02656	0.00575	0.01343	-2.02656	0.04364	0.01343
TCG	TCT	GT	1.38044	0.00222	0.00410	-1.38044	0.00884	0.00410
TCG	TCC	GC	0.93702	0.00503	0.00774	-0.93702	0.01283	0.00774
TCG	TCA	GA	0.53304	0.01134	0.01463	-0.53304	0.01933	0.01463
TAT	TTT	AT	1.38640	0.00556	0.01027	-1.38640	0.02224	0.01027
TAT	TCT	AC	-0.12222	0.01256	0.01181	0.12222	0.01112	0.01181
TAC	TTC	AT	0.87226	0.00969	0.01452	-0.87226	0.02318	0.01452
TAC	TCC	AC	-0.30569	0.02190	0.01872	0.30569	0.01613	0.01872
TAC	TAT	CT	0.25995	0.02506	0.02846	-0.25995	0.03250	0.02846
TGT	TTT	GT	1.64459	0.00341	0.00696	-1.64459	0.01768	0.00696
TGT	TCT	GC	0.13597	0.00772	0.00825	-0.13597	0.00884	0.00825
TGT	TAT	GA	0.25819	0.01742	0.01976	-0.25819	0.02255	0.01976
TGC	TTC	GT	1.19868	0.00556	0.00954	-1.19868	0.01843	0.00954
TGC	TCC	GC	0.02073	0.01256	0.01269	-0.02073	0.01283	0.01269
TGC	TAC	GA	0.32642	0.02836	0.03324	-0.32642	0.03930	0.03324
TGC	TGT	CT	0.32818	0.01438	0.01687	-0.32818	0.01996	0.01687
TGG	TTG	GT	1.18660	0.00357	0.00610	-1.18660	0.01171	0.00610
TGG	TCG	GC	-0.83996	0.00808	0.00515	0.83996	0.00349	0.00515
TGG	TGT	GT	0.40451	0.00357	0.00434	-0.40451	0.00535	0.00434
TGG	TGC	GC	0.07633	0.00808	0.00839	-0.07633	0.00872	0.00839
CTT	TTT	CT	1.14633	0.02095	0.03521	-1.14633	0.06593	0.03521
CTC	TTC	CT	0.97640	0.02588	0.04054	-0.97640	0.06872	0.04054
CTC	CTT	CT	0.60416	0.02588	0.03448	-0.60416	0.04736	0.03448
CTA	TTA	CT	0.63315	0.00986	0.01331	-0.63315	0.01857	0.01331
CTA	CTT	AT	1.43284	0.00381	0.00717	-1.43284	0.01597	0.00717
CTA	CTC	AC	0.82868	0.00862	0.01267	-0.82868	0.01973	0.01267
CTG	TTG	CT	-0.65495	0.08402	0.05949	0.65495	0.04364	0.05949
CTG	CTT	GT	-0.93877	0.03248	0.01958	0.93877	0.01270	0.01958
CTG	CTC	GC	-1.54294	0.07341	0.03079	1.54294	0.01569	0.03079
CTG	CTA	GA	-2.37162	0.16568	0.04045	2.37162	0.01546	0.04045
CCT	TCT	CT	0.52428	0.01951	0.02508	-0.52428	0.03296	0.02508
CCT	CTT	CT	0.88657	0.01951	0.02943	-0.88657	0.04736	0.02943
CCC	TCC	CT	0.98429	0.01787	0.02809	-0.98429	0.04782	0.02809
CCC	CTC	CT	1.18585	0.01787	0.03051	-1.18585	0.05850	0.03051
CCC	CCT	CT	0.90344	0.01787	0.02714	-0.90344	0.04411	0.02714
CCA	TCA	CT	0.39896	0.01869	0.02267	-0.39896	0.02786	0.02267
CCA	CTA	CT	0.17581	0.01869	0.02038	-0.17581	0.02229	0.02038
CCA	CCT	AT	0.72209	0.00723	0.01015	-0.72209	0.01488	0.01015
CCA	CCC	AC	-0.18135	0.01633	0.01490	0.18135	0.01362	0.01490
CCG	TCG	CT	1.05664	0.00452	0.00732	-1.05664	0.01300	0.00732
CCG	CTG	CT	3.73815	0.00452	0.01731	-3.73815	0.18990	0.01731
CCG	CCT	GT	1.91280	0.00175	0.00392	-1.91280	0.01183	0.00392
CCG	CCC	GC	1.00936	0.00395	0.00627	-1.00936	0.01083	0.00627
CCG	CCA	GA	1.19071	0.00891	0.01525	-1.19071	0.02932	0.01525
CAT	TAT	CT	0.95309	0.01253	0.01944	-0.95309	0.03250	0.01944
CAT	CTT	AT	1.19317	0.00484	0.00830	-1.19317	0.01597	0.00830
CAT	CCT	AC	0.30660	0.01095	0.01271	-0.30660	0.01488	0.01271
CAC	TAC	CT	0.85732	0.02403	0.03579	-0.85732	0.05664	0.03579
CAC	CTC	AT	0.75318	0.00929	0.01322	-0.75318	0.01973	0.01322
CAC	CCC	AC	-0.43267	0.02100	0.01678	0.43267	0.01362	0.01678
CAC	CAT	CT	0.16417	0.02403	0.02606	-0.16417	0.02832	0.02606
CAA	CTA	AT	-0.35500	0.01072	0.00893	0.35500	0.00752	0.00893
CAA	CCA	AC	-0.53082	0.02423	0.01837	0.53082	0.01425	0.01837
CAA	CAT	AT	-0.11533	0.01072	0.01011	0.11533	0.00955	0.01011
CAA	CAC	AC	-0.27950	0.02423	0.02100	0.27950	0.01832	0.02100
CAG	CTG	AT	0.78742	0.02914	0.04211	-0.78742	0.06405	0.04211
CAG	CCG	AC	-2.95072	0.06587	0.01073	2.95072	0.00345	0.01073
CAG	CAT	GT	-1.34452	0.02914	0.01381	1.34452	0.00760	0.01381
CAG	CAC	GC	-1.50869	0.06587	0.02823	1.50869	0.01457	0.02823
CAG	CAA	GA	-1.22919	0.14867	0.07556	1.22919	0.04349	0.07556
CGT	TGT	CT	1.35780	0.00514	0.00939	-1.35780	0.01996	0.00939
CGT	CTT	GT	1.85606	0.00199	0.00437	-1.85606	0.01270	0.00437
CGT	CCT	GC	0.96950	0.00449	0.00701	-0.96950	0.01183	0.00701
CGT	CAT	GA	0.66290	0.01013	0.01385	-0.66290	0.01965	0.01385
CGC	TGC	CT	1.23533	0.00945	0.01646	-1.23533	0.03250	0.01646
CGC	CTC	GT	1.45761	0.00365	0.00694	-1.45761	0.01569	0.00694
CGC	CCC	GC	0.27176	0.00826	0.00943	-0.27176	0.01083	0.00943
CGC	CAC	GA	0.70443	0.01863	0.02596	-0.70443	0.03769	0.02596
CGC	CGT	CT	0.20571	0.00945	0.01045	-0.20571	0.01161	0.01045
CGA	CTA	GT	0.68358	0.00302	0.00417	-0.68358	0.00598	0.00417
CGA	CCA	GC	0.50777	0.00682	0.00870	-0.50777	0.01133	0.00870
CGA	CAA	GA	1.03859	0.01539	0.02475	-1.03859	0.04349	0.02475
CGA	CGT	AT	0.26036	0.00302	0.00343	-0.26036	0.00391	0.00343
CGA	CGC	AC	0.05465	0.00682	0.00701	-0.05465	0.00720	0.00701
CGG	TGG	CT	-0.04130	0.02177	0.02133	0.04130	0.02089	0.02133
CGG	CTG	GT	1.80024	0.00842	0.01815	-1.80024	0.05093	0.01815
CGG	CCG	GC	-1.93790	0.01903	0.00620	1.93790	0.00274	0.00620
CGG	CAG	GA	1.01282	0.04294	0.06829	-1.01282	0.11823	0.06829
CGG	CGT	GT	-0.99460	0.00842	0.00491	0.99460	0.00311	0.00491
CGG	CGC	GC	-1.20030	0.01903	0.00984	1.20030	0.00573	0.00984
CGG	CGA	GA	-1.25496	0.04294	0.02149	1.25496	0.01224	0.02149
ATT	TTT	AT	0.49910	0.01350	0.01715	-0.49910	0.02224	0.01715
ATT	CTT	AC	-0.64723	0.03051	0.02170	0.64723	0.01597	0.02170
ATC	TTC	AT	-0.15560	0.02708	0.02503	0.15560	0.02318	0.02503
ATC	CTC	AC	-1.13200	0.06120	0.03296	1.13200	0.01973	0.03296
ATC	ATT	CT	0.11939	0.07005	0.07431	-0.11939	0.07893	0.07431
ATA	TTA	AT	-0.34158	0.00881	0.00739	0.34158	0.00626	0.00739
ATA	CTA	AC	-0.97473	0.01992	0.01177	0.97473	0.00752	0.01177
ATA	ATT	AT	1.10534	0.00881	0.01457	-1.10534	0.02662	0.01457
ATA	ATC	AC	0.98595	0.01992	0.03133	-0.98595	0.05340	0.03133
ATG	TTG	AT	0.17894	0.01231	0.01344	-0.17894	0.01472	0.01344
ATG	CTG	AC	0.83389	0.02782	0.04101	-0.83389	0.06405	0.04101
ATG	ATT	GT	0.54234	0.01231	0.01595	-0.54234	0.02117	0.01595
ATG	ATC	GC	0.42295	0.02782	0.03412	-0.42295	0.04247	0.03412
ATG	ATA	GA	-0.56300	0.06279	0.04676	0.56300	0.03576	0.04676
ACT	TCT	AT	0.48740	0.00683	0.00863	-0.48740	0.01112	0.00863
ACT	CCT	AC	-0.03687	0.01544	0.01515	0.03687	0.01488	0.01515
ACT	ATT	CT	1.49692	0.01767	0.03407	-1.49692	0.07893	0.03407
ACC	TCC	AT	0.37216	0.01112	0.01331	-0.37216	0.01613	0.01331
ACC	CCC	AC	-0.61214	0.02513	0.01822	0.61214	0.01362	0.01822
ACC	ATC	CT	1.70571	0.02876	0.05994	-1.70571	0.15832	0.05994
ACC	ACT	CT	0.32818	0.02876	0.03374	-0.32818	0.03993	0.03374
ACA	TCA	AT	0.08207	0.00866	0.00902	-0.08207	0.00940	0.00902
ACA	CCA	AC	-0.31689	0.01956	0.01663	0.31689	0.01425	0.01663
ACA	ATA	CT	0.83366	0.02239	0.03301	-0.83366	0.05154	0.03301
ACA	ACT	AT	0.44207	0.00866	0.01071	-0.44207	0.01347	0.01071
ACA	ACC	AC	0.11389	0.01956	0.02070	-0.11389	0.02192	0.02070
ACG	TCG	AT	0.18263	0.00365	0.00400	-0.18263	0.00438	0.00400
ACG	CCG	AC	-0.87400	0.00826	0.00517	0.87400	0.00345	0.00517
ACG	ATG	CT	2.03026	0.00945	0.02208	-2.03026	0.07197	0.02208
ACG	ACT	GT	1.07567	0.00365	0.00596	-1.07567	0.01071	0.00596
ACG	ACC	GC	0.74750	0.00826	0.01172	-0.74750	0.01743	0.01172
ACG	ACA	GA	0.63360	0.01863	0.02516	-0.63360	0.03511	0.02516
AAT	TAT	AT	-0.20823	0.01350	0.01214	0.20823	0.01096	0.01214
AAT	CAT	AC	-1.16133	0.03051	0.01615	1.16133	0.00955	0.01615
AAT	ATT	AT	0.67907	0.01350	0.01860	-0.67907	0.02662	0.01860
AAT	ACT	AC	-0.81785	0.03051	0.01972	0.81785	0.01347	0.01972
AAC	TAC	AT	0.54145	0.01112	0.01440	-0.54145	0.01910	0.01440
AAC	CAC	AC	-0.31587	0.02513	0.02137	0.31587	0.01832	0.02137
AAC	ATC	AT	1.56931	0.01112	0.02203	-1.56931	0.05340	0.02203
AAC	ACC	AC	-0.13640	0.02513	0.02345	0.13640	0.02192	0.02345
AAC	AAT	CT	1.00963	0.02876	0.04568	-1.00963	0.07893	0.04568
AAA	CAA	AC	-0.86592	0.05026	0.03160	0.86592	0.02114	0.03160
AAA	ATA	AT	-0.24619	0.02223	0.01961	0.24619	0.01738	0.01961
AAA	ACA	AC	-1.07984	0.05026	0.02791	1.07984	0.01707	0.02791
AAA	AAT	AT	0.18008	0.02223	0.02430	-0.18008	0.02662	0.02430
AAA	AAC	AC	-0.82955	0.05026	0.03226	0.82955	0.02192	0.03226
AAG	CAG	AC	-0.13912	0.06605	0.06156	0.13912	0.05747	0.06156
AAG	ATG	AT	-0.18559	0.02922	0.02659	0.18559	0.02427	0.02659
AAG	ACG	AC	-2.21584	0.06605	0.01792	2.21584	0.00720	0.01792
AAG	AAT	GT	-0.32232	0.02922	0.02477	0.32232	0.02117	0.02477
AAG	AAC	GC	-1.33195	0.06605	0.03155	1.33195	0.01743	0.03155
AAG	AAA	GA	-0.50240	0.14907	0.11475	0.50240	0.09020	0.11475
AGT	TGT	AT	-0.00238	0.00675	0.00674	0.00238	0.00673	0.00674
AGT	CGT	AC	-1.36018	0.01526	0.00716	1.36018	0.00391	0.00716
AGT	ATT	GT	1.14311	0.00675	0.01133	-1.14311	0.02117	0.01133
AGT	ACT	GC	-0.35381	0.01526	0.01272	0.35381	0.01071	0.01272
AGT	AAT	GA	0.46404	0.03443	0.04304	-0.46404	0.05477	0.04304
AGC	TGC	AT	-0.14134	0.01263	0.01175	0.14134	0.01096	0.01175
AGC	CGC	AC	-1.37667	0.02854	0.01327	1.37667	0.00720	0.01327
AGC	ATC	GT	1.21295	0.01263	0.02179	-1.21295	0.04247	0.02179
AGC	ACC	GC	-0.49277	0.02854	0.02208	0.49277	0.01743	0.02208
AGC	AAC	GA	-0.35636	0.06441	0.05361	0.35636	0.04510	0.05361
AGC	AGT	CT	0.18922	0.03266	0.03585	-0.18922	0.03947	0.03585
AGA	CGA	AC	-1.38162	0.02369	0.01098	1.38162	0.00595	0.01098
AGA	ATA	GT	0.27670	0.01048	0.01200	-0.27670	0.01382	0.01200
AGA	ACA	GC	-0.55696	0.02369	0.01770	0.55696	0.01357	0.01770
AGA	AAA	GA	0.52288	0.05347	0.06867	-0.52288	0.09020	0.06867
AGA	AGT	AT	0.23892	0.01048	0.01178	-0.23892	0.01331	0.01178
AGA	AGC	AC	0.04970	0.02369	0.02429	-0.04970	0.02490	0.02429
AGG	TGG	AT	-0.02513	0.00723	0.00714	0.02513	0.00705	0.00714
AGG	CGG	AC	0.01618	0.01633	0.01647	-0.01618	0.01660	0.01647
AGG	ATG	GT	0.98253	0.00723	0.01135	-0.98253	0.01930	0.01135
AGG	ACG	GC	-1.04772	0.01633	0.00924	1.04772	0.00573	0.00924
AGG	AAG	GA	1.16812	0.03686	0.06249	-1.16812	0.11855	0.06249
AGG	AGT	GT	0.38176	0.00723	0.00869	-0.38176	0.01059	0.00869
AGG	AGC	GC	0.19254	0.01633	0.01796	-0.19254	0.01980	0.01796
AGG	AGA	GA	0.14284	0.03686	0.03956	-0.14284	0.04252	0.03956
GTT	TTT	GT	1.06199	0.00611	0.00993	-1.06199	0.01768	0.00993
GTT	CTT	GC	-0.08434	0.01382	0.01325	0.08434	0.01270	0.01325
GTT	ATT	GA	0.56289	0.03119	0.04079	-0.56289	0.05477	0.04079
GTC	TTC	GT	0.63500	0.00977	0.01319	-0.63500	0.01843	0.01319
GTC	CTC	GC	-0.34141	0.02208	0.01852	0.34141	0.01569	0.01852
GTC	ATC	GA	0.79060	0.04983	0.07209	-0.79060	0.10985	0.07209
GTC	GTT	CT	0.34709	0.02527	0.02990	-0.34709	0.03575	0.02990
GTA	TTA	GT	0.28870	0.00373	0.00430	-0.28870	0.00498	0.00430
GTA	CTA	GC	-0.34445	0.00844	0.00707	0.34445	0.00598	0.00707
GTA	ATA	GA	0.63028	0.01904	0.02567	-0.63028	0.03576	0.02567
GTA	GTT	AT	1.17273	0.00373	0.00634	-1.17273	0.01206	0.00634
GTA	GTC	AC	0.82563	0.00844	0.01239	-0.82563	0.01926	0.01239
GTG	TTG	GT	-0.53219	0.01993	0.01510	0.53219	0.01171	0.01510
GTG	CTG	GC	0.12276	0.04505	0.04787	-0.12276	0.05093	0.04787
GTG	ATG	GA	-0.71113	0.10168	0.06977	0.71113	0.04993	0.06977
GTG	GTT	GT	-0.73168	0.01993	0.01352	0.73168	0.00959	0.01352
GTG	GTC	GC	-1.07877	0.04505	0.02504	1.07877	0.01532	0.02504
GTG	GTA	GA	-1.90441	0.10168	0.03388	1.90441	0.01514	0.03388
GCT	TCT	GT	-0.31123	0.01207	0.01029	0.31123	0.00884	0.01029
GCT	CCT	GC	-0.83551	0.02728	0.01745	0.83551	0.01183	0.01745
GCT	ACT	GA	-0.79864	0.06157	0.04023	0.79864	0.02770	0.04023
GCT	GTT	CT	0.13540	0.03122	0.03339	-0.13540	0.03575	0.03339
GCC	TCC	GT	-0.09709	0.01413	0.01346	0.09709	0.01283	0.01346
GCC	CCC	GC	-1.08138	0.03195	0.01773	1.08138	0.01083	0.01773
GCC	ACC	GA	-0.46924	0.07211	0.05651	0.46924	0.04510	0.05651
GCC	GTC	CT	0.44587	0.03656	0.04532	-0.44587	0.05711	0.04532
GCC	GCT	CT	0.65757	0.03656	0.04989	-0.65757	0.07057	0.04989
GCA	TCA	GT	-0.06086	0.00794	0.00770	0.06086	0.00747	0.00770
GCA	CCA	GC	-0.45982	0.01795	0.01414	0.45982	0.01133	0.01414
GCA	ACA	GA	-0.14293	0.04051	0.03768	0.14293	0.03511	0.03768
GCA	GTA	CT	0.06045	0.02054	0.02117	-0.06045	0.02182	0.02117
GCA	GCT	AT	1.09778	0.00794	0.01308	-1.09778	0.02380	0.01308
GCA	GCC	AC	0.44021	0.01795	0.02219	-0.44021	0.02787	0.02219
GCG	TCG	GT	0.64668	0.00183	0.00248	-0.64668	0.00349	0.00248
GCG	CCG	GC	-0.40996	0.00413	0.00334	0.40996	0.00274	0.00334
GCG	ACG	GA	0.46404	0.00932	0.01165	-0.46404	0.01482	0.01165
GCG	GTG	CT	3.20543	0.00472	0.01578	-3.20543	0.11654	0.01578
GCG	GCT	GT	2.33835	0.00183	0.00473	-2.33835	0.01893	0.00473
GCG	GCC	GC	1.68078	0.00413	0.00853	-1.68078	0.02217	0.00853
GCG	GCA	GA	1.24057	0.00932	0.01626	-1.24057	0.03221	0.01626
GAT	TAT	GT	-0.36413	0.01255	0.01040	0.36413	0.00872	0.01040
GAT	CAT	GC	-1.31723	0.02836	0.01367	1.31723	0.00760	0.01367
GAT	AAT	GA	-0.15590	0.06400	0.05915	0.15590	0.05477	0.05915
GAT	GTT	AT	-0.03972	0.01255	0.01230	0.03972	0.01206	0.01230
GAT	GCT	AC	-0.17512	0.02836	0.02595	0.17512	0.02380	0.02595
GAC	TAC	GT	-0.39850	0.02263	0.01842	0.39850	0.01519	0.01842
GAC	CAC	GC	-1.25582	0.05115	0.02559	1.25582	0.01457	0.02559
GAC	AAC	GA	-0.93995	0.11545	0.06957	0.93995	0.04510	0.06957
GAC	GTC	AT	-0.16123	0.02263	0.02086	0.16123	0.01926	0.02086
GAC	GCC	AC	-0.60711	0.05115	0.03719	0.60711	0.02787	0.03719
GAC	GAT	CT	0.22558	0.05854	0.06540	-0.22558	0.07336	0.06540
GAA	CAA	GC	-1.27734	0.06031	0.02978	1.27734	0.01681	0.02978
GAA	AAA	GA	-0.41142	0.13611	0.11003	0.41142	0.09020	0.11003
GAA	GTA	AT	-1.28789	0.02668	0.01309	1.28789	0.00736	0.01309
GAA	GCA	AC	-1.34834	0.06031	0.02852	1.34834	0.01566	0.02852
GAA	GAT	AT	-0.07545	0.02668	0.02569	0.07545	0.02474	0.02569
GAA	GAC	AC	-0.30102	0.06031	0.05168	0.30102	0.04463	0.05168
GAG	CAG	GC	-0.52160	0.07700	0.05865	0.52160	0.04570	0.05865
GAG	AAG	GA	-0.38248	0.17379	0.14266	0.38248	0.11855	0.14266
GAG	GTG	AT	0.14307	0.03407	0.03656	-0.14307	0.03931	0.03656
GAG	GCG	AC	-3.06237	0.07700	0.01157	3.06237	0.00360	0.01157
GAG	GAT	GT	-0.54889	0.03407	0.02557	0.54889	0.01968	0.02557
GAG	GAC	GC	-0.77447	0.07700	0.05099	0.77447	0.03549	0.05099
GAG	GAA	GA	-0.47345	0.17379	0.13588	0.47345	0.10824	0.13588
GGT	TGT	GT	0.15072	0.00461	0.00496	-0.15072	0.00535	0.00496
GGT	CGT	GC	-1.20707	0.01041	0.00536	1.20707	0.00311	0.00536
GGT	AGT	GA	0.15311	0.02350	0.02534	-0.15311	0.02738	0.02534
GGT	GTT	GT	0.73333	0.00461	0.00650	-0.73333	0.00959	0.00650
GGT	GCT	GC	0.59793	0.01041	0.01383	-0.59793	0.01893	0.01383
GGT	GAT	GA	0.77305	0.02350	0.03374	-0.77305	0.05090	0.03374
GGC	TGC	GT	-0.15357	0.01016	0.00940	0.15357	0.00872	0.00940
GGC	CGC	GC	-1.38889	0.02297	0.01060	1.38889	0.00573	0.01060
GGC	AGC	GA	-0.01223	0.05185	0.05154	0.01223	0.05122	0.05154
GGC	GTC	GT	0.41012	0.01016	0.01239	-0.41012	0.01532	0.01239
GGC	GCC	GC	-0.03575	0.02297	0.02257	0.03575	0.02217	0.02257
GGC	GAC	GA	0.57136	0.05185	0.06807	-0.57136	0.09181	0.06807
GGC	GGT	CT	0.02389	0.02629	0.02661	-0.02389	0.02693	0.02661
GGA	CGA	GC	-1.26052	0.01669	0.00833	1.26052	0.00473	0.00833
GGA	AGA	GA	0.12110	0.03767	0.04000	-0.12110	0.04252	0.04000
GGA	GTA	GT	-0.23248	0.00738	0.00656	0.23248	0.00585	0.00656
GGA	GCA	GC	-0.29294	0.01669	0.01437	0.29294	0.01245	0.01437
GGA	GAA	GA	1.05541	0.03767	0.06099	-1.05541	0.10824	0.06099
GGA	GGT	AT	0.20691	0.00738	0.00818	-0.20691	0.00908	0.00818
GGA	GGC	AC	0.18303	0.01669	0.01827	-0.18303	0.02004	0.01827
GGG	TGG	GT	-0.32834	0.00778	0.00657	0.32834	0.00560	0.00657
GGG	CGG	GC	-0.28703	0.01759	0.01519	0.28703	0.01320	0.01519
GGG	AGG	GA	-0.30321	0.03970	0.03398	0.30321	0.02932	0.03398
GGG	GTG	GT	1.39045	0.00778	0.01441	-1.39045	0.03126	0.01441
GGG	GCG	GC	-1.81498	0.01759	0.00621	1.81498	0.00286	0.00621
GGG	GAG	GA	1.24739	0.03970	0.06948	-1.24739	0.13820	0.06948
GGG	GGT	GT	-0.07456	0.00778	0.00750	0.07456	0.00722	0.00750
GGG	GGC	GC	-0.09844	0.01759	0.01674	0.09844	0.01594	0.01674
GGG	GGA	GA	-0.28147	0.03970	0.03437	0.28147	0.02996	0.03437


Histograms
2Ns	FMut	FSub(CodonUsage)	FSubw(after w)

-3.56014	0.01317	0.00138
-3.20413	0.01343	0.00218
-2.84811	0.00457	0.00086
-2.49210	0.01281	0.00361
-2.13608	0.01260	0.00427
-1.78007	0.03012	0.01241
-1.42406	0.07366	0.03937
-1.06804	0.13323	0.08498
-0.71203	0.13418	0.10562
-0.35601	0.17181	0.16238
0.00000	0.14443	0.16588
0.35601	0.11760	0.16238
0.71203	0.06569	0.10562
1.06804	0.04518	0.08498
1.42406	0.01861	0.03937
1.78007	0.00502	0.01241
2.13608	0.00155	0.00427
2.49210	0.00120	0.00361
2.84811	0.00024	0.00086
3.20413	0.00058	0.00218
3.56014	0.00031	0.00138

Proportion of advantageous (S > 0) mutations:
 0.32430

Proportions of good & bad mutations (|S| > 2.0000) among mutations:
0.00388  0.05658

mean |Ns| = 0.82402	mean Ns+ = 0.58803	mean Ns- = -0.93729


MLEs of dN/dS (w) for site classes (K=4)

site class             0        1       2a       2b
proportion       0.38621  0.28737  0.18716  0.13926
background w     0.06203  1.00000  0.06203  1.00000
foreground w     0.06203  1.00000  1.00000  1.00000

Naive Empirical Bayes (NEB) probabilities for 4 classes
(amino acids refer to 1st sequence: Duck_Mx)

   1 M   0.92904 0.00001 0.07095 0.00000 ( 1)
   2 T   0.00001 0.67352 0.00008 0.32639 ( 2)
   3 T   0.00000 0.67358 0.00000 0.32642 ( 2)
   4 Q   0.00129 0.67005 0.00395 0.32471 ( 2)
   5 R   0.00000 0.67358 0.00000 0.32642 ( 2)
   6 N   0.00000 0.67358 0.00000 0.32642 ( 2)
   7 T   0.00000 0.67358 0.00000 0.32642 ( 2)
   8 -   0.38621 0.28737 0.18716 0.13926 ( 1)
   9 -   0.38621 0.28737 0.18716 0.13926 ( 1)
  10 -   0.38621 0.28737 0.18716 0.13926 ( 1)
  11 -   0.38621 0.28737 0.18716 0.13926 ( 1)
  12 -   0.38621 0.28737 0.18716 0.13926 ( 1)
  13 -   0.38621 0.28737 0.18716 0.13926 ( 1)
  14 -   0.38621 0.28737 0.18716 0.13926 ( 1)
  15 -   0.38621 0.28737 0.18716 0.13926 ( 1)
  16 -   0.75900 0.05189 0.16396 0.02515 ( 1)
  17 -   0.03188 0.57164 0.11946 0.27702 ( 2)
  18 -   0.76117 0.04116 0.17773 0.01994 ( 1)
  19 -   0.03581 0.57807 0.10599 0.28013 ( 2)
  20 -   0.00449 0.64885 0.03222 0.31443 ( 2)
  21 -   0.03278 0.60508 0.06892 0.29322 ( 2)
  22 -   0.02975 0.55893 0.14047 0.27086 ( 2)
  23 -   0.02383 0.61240 0.06699 0.29677 ( 2)
  24 -   0.10366 0.52343 0.11926 0.25365 ( 2)
  25 -   0.19936 0.38640 0.22698 0.18725 ( 2)
  26 -   0.40477 0.22488 0.26137 0.10898 ( 1)
  27 -   0.02677 0.60452 0.07576 0.29295 ( 2)
  28 -   0.00927 0.63167 0.05296 0.30611 ( 2)
  29 -   0.01597 0.62012 0.06340 0.30051 ( 2)
  30 -   0.04415 0.54978 0.13964 0.26643 ( 2)
  31 -   0.02568 0.59708 0.08790 0.28935 ( 2)
  32 -   0.04415 0.54978 0.13964 0.26643 ( 2)
  33 -   0.04374 0.50870 0.20105 0.24652 ( 2)
  34 -   0.78193 0.03829 0.16122 0.01856 ( 1)
  35 -   0.77779 0.04219 0.15957 0.02045 ( 1)
  36 -   0.35872 0.22119 0.31290 0.10719 ( 1)
  37 -   0.01403 0.61664 0.07051 0.29882 ( 2)
  38 -   0.32458 0.27053 0.27379 0.13110 ( 1)
  39 -   0.77174 0.06191 0.13634 0.03000 ( 1)
  40 -   0.77779 0.04219 0.15957 0.02045 ( 1)
  41 -   0.04374 0.50870 0.20105 0.24652 ( 2)
  42 -   0.05050 0.52772 0.16605 0.25573 ( 2)
  43 -   0.36993 0.29357 0.19424 0.14227 ( 1)
  44 -   0.05777 0.53069 0.15437 0.25717 ( 2)
  45 -   0.01219 0.63326 0.04767 0.30688 ( 2)
  46 -   0.03855 0.57596 0.10637 0.27911 ( 2)
  47 -   0.77779 0.04219 0.15957 0.02045 ( 1)
  48 -   0.01082 0.63844 0.04135 0.30939 ( 2)
  49 -   0.06674 0.52259 0.15743 0.25325 ( 2)
  50 -   0.16334 0.49082 0.10799 0.23785 ( 2)
  51 -   0.38621 0.28737 0.18716 0.13926 ( 1)
  52 -   0.38621 0.28737 0.18716 0.13926 ( 1)
  53 -   0.38621 0.28737 0.18716 0.13926 ( 1)
  54 -   0.38621 0.28737 0.18716 0.13926 ( 1)
  55 -   0.38621 0.28737 0.18716 0.13926 ( 1)
  56 -   0.38621 0.28737 0.18716 0.13926 ( 1)
  57 -   0.38621 0.28737 0.18716 0.13926 ( 1)
  58 -   0.38621 0.28737 0.18716 0.13926 ( 1)
  59 -   0.38621 0.28737 0.18716 0.13926 ( 1)
  60 -   0.38621 0.28737 0.18716 0.13926 ( 1)
  61 -   0.38621 0.28737 0.18716 0.13926 ( 1)
  62 -   0.38621 0.28737 0.18716 0.13926 ( 1)
  63 -   0.00021 0.67318 0.00038 0.32623 ( 2)
  64 D   0.00000 0.67348 0.00015 0.32637 ( 2)
  65 K   0.00005 0.67169 0.00276 0.32550 ( 2)
  66 P   0.00000 0.67358 0.00001 0.32641 ( 2)
  67 H   0.00342 0.30575 0.54266 0.14817 ( 3)
  68 S   0.00060 0.65158 0.03206 0.31576 ( 2)
  69 K   0.00003 0.67315 0.00062 0.32621 ( 2)
  70 P   0.00002 0.67356 0.00002 0.32641 ( 2)
  71 -   0.38621 0.28737 0.18716 0.13926 ( 1)
  72 -   0.38621 0.28737 0.18716 0.13926 ( 1)
  73 -   0.38621 0.28737 0.18716 0.13926 ( 1)
  74 E   0.07658 0.55135 0.10489 0.26718 ( 2)
  75 D   0.00004 0.67236 0.00177 0.32583 ( 2)
  76 Q   0.00003 0.67328 0.00042 0.32627 ( 2)
  77 W   0.00004 0.66971 0.00570 0.32454 ( 2)
  78 N   0.00000 0.67358 0.00001 0.32642 ( 2)
  79 M   0.00000 0.67358 0.00000 0.32642 ( 2)
  80 Y   0.01472 0.50324 0.23817 0.24387 ( 2)
  81 N   0.20992 0.29028 0.35913 0.14067 ( 3)
  82 R   0.00618 0.66871 0.00106 0.32406 ( 2)
  83 N   0.00000 0.67358 0.00000 0.32642 ( 2)
  84 P   0.00000 0.67357 0.00002 0.32641 ( 2)
  85 K   0.38621 0.28737 0.18716 0.13926 ( 1)
  86 F   0.38621 0.28737 0.18716 0.13926 ( 1)
  87 K   0.38621 0.28737 0.18716 0.13926 ( 1)
  88 A   0.38621 0.28737 0.18716 0.13926 ( 1)
  89 T   0.38621 0.28737 0.18716 0.13926 ( 1)
  90 A   0.38621 0.28737 0.18716 0.13926 ( 1)
  91 K   0.38621 0.28737 0.18716 0.13926 ( 1)
  92 R   0.38621 0.28737 0.18716 0.13926 ( 1)
  93 C   0.38621 0.28737 0.18716 0.13926 ( 1)
  94 S   0.38621 0.28737 0.18716 0.13926 ( 1)
  95 P   0.38621 0.28737 0.18716 0.13926 ( 1)
  96 N   0.38621 0.28737 0.18716 0.13926 ( 1)
  97 L   0.38621 0.28737 0.18716 0.13926 ( 1)
  98 M   0.38621 0.28737 0.18716 0.13926 ( 1)
  99 K   0.38621 0.28737 0.18716 0.13926 ( 1)
 100 D   0.38621 0.28737 0.18716 0.13926 ( 1)
 101 G   0.38621 0.28737 0.18716 0.13926 ( 1)
 102 F   0.38621 0.28737 0.18716 0.13926 ( 1)
 103 Q   0.38621 0.28737 0.18716 0.13926 ( 1)
 104 S   0.38621 0.28737 0.18716 0.13926 ( 1)
 105 L   0.38621 0.28737 0.18716 0.13926 ( 1)
 106 S   0.38621 0.28737 0.18716 0.13926 ( 1)
 107 S   0.38621 0.28737 0.18716 0.13926 ( 1)
 108 P   0.38621 0.28737 0.18716 0.13926 ( 1)
 109 V   0.38621 0.28737 0.18716 0.13926 ( 1)
 110 C   0.38621 0.28737 0.18716 0.13926 ( 1)
 111 I   0.38621 0.28737 0.18716 0.13926 ( 1)
 112 E   0.38621 0.28737 0.18716 0.13926 ( 1)
 113 A   0.38621 0.28737 0.18716 0.13926 ( 1)
 114 S   0.38621 0.28737 0.18716 0.13926 ( 1)
 115 A   0.38621 0.28737 0.18716 0.13926 ( 1)
 116 V   0.38621 0.28737 0.18716 0.13926 ( 1)
 117 P   0.38621 0.28737 0.18716 0.13926 ( 1)
 118 L   0.38621 0.28737 0.18716 0.13926 ( 1)
 119 P   0.38621 0.28737 0.18716 0.13926 ( 1)
 120 P   0.38621 0.28737 0.18716 0.13926 ( 1)
 121 D   0.38621 0.28737 0.18716 0.13926 ( 1)
 122 S   0.38621 0.28737 0.18716 0.13926 ( 1)
 123 D   0.38621 0.28737 0.18716 0.13926 ( 1)
 124 D   0.38621 0.28737 0.18716 0.13926 ( 1)
 125 E   0.38621 0.28737 0.18716 0.13926 ( 1)
 126 I   0.38621 0.28737 0.18716 0.13926 ( 1)
 127 Y   0.38621 0.28737 0.18716 0.13926 ( 1)
 128 F   0.38621 0.28737 0.18716 0.13926 ( 1)
 129 P   0.38621 0.28737 0.18716 0.13926 ( 1)
 130 V   0.38621 0.28737 0.18716 0.13926 ( 1)
 131 P   0.38621 0.28737 0.18716 0.13926 ( 1)
 132 E   0.38621 0.28737 0.18716 0.13926 ( 1)
 133 Q   0.38621 0.28737 0.18716 0.13926 ( 1)
 134 T   0.38621 0.28737 0.18716 0.13926 ( 1)
 135 T   0.38621 0.28737 0.18716 0.13926 ( 1)
 136 K   0.38621 0.28737 0.18716 0.13926 ( 1)
 137 E   0.38621 0.28737 0.18716 0.13926 ( 1)
 138 S   0.38621 0.28737 0.18716 0.13926 ( 1)
 139 Q   0.38621 0.28737 0.18716 0.13926 ( 1)
 140 H   0.38621 0.28737 0.18716 0.13926 ( 1)
 141 E   0.38621 0.28737 0.18716 0.13926 ( 1)
 142 Q   0.38621 0.28737 0.18716 0.13926 ( 1)
 143 K   0.38621 0.28737 0.18716 0.13926 ( 1)
 144 V   0.38621 0.28737 0.18716 0.13926 ( 1)
 145 S   0.38621 0.28737 0.18716 0.13926 ( 1)
 146 M   0.38621 0.28737 0.18716 0.13926 ( 1)
 147 K   0.00000 0.67357 0.00002 0.32641 ( 2)
 148 L   0.00000 0.67358 0.00000 0.32642 ( 2)
 149 H   0.00000 0.67271 0.00129 0.32600 ( 2)
 150 -   0.38621 0.28737 0.18716 0.13926 ( 1)
 151 -   0.38621 0.28737 0.18716 0.13926 ( 1)
 152 E   0.00007 0.67353 0.00001 0.32639 ( 2)
 153 E   0.01767 0.65795 0.00554 0.31884 ( 2)
 154 Q   0.00000 0.67355 0.00005 0.32640 ( 2)
 155 D   0.00000 0.67352 0.00010 0.32639 ( 2)
 156 V   0.00000 0.67348 0.00015 0.32637 ( 2)
 157 Q   0.00000 0.67355 0.00004 0.32640 ( 2)
 158 A   0.00004 0.67353 0.00003 0.32640 ( 2)
 159 A   0.00002 0.67356 0.00001 0.32641 ( 2)
 160 E   0.00210 0.66730 0.00723 0.32337 ( 2)
 161 H   0.00058 0.62500 0.07155 0.30287 ( 2)
 162 T   0.09236 0.00817 0.89551 0.00396 ( 3)
 163 L   0.80039 0.01884 0.17165 0.00913 ( 1)
 164 Y   0.03076 0.41227 0.35719 0.19979 ( 2)
 165 N   0.67940 0.01880 0.29269 0.00911 ( 1)
 166 Q   0.78104 0.04159 0.15721 0.02015 ( 1)
 167 Y   0.87477 0.00030 0.12479 0.00014 ( 1)
 168 E   0.24442 0.01112 0.73906 0.00539 ( 3)
 169 E   0.01268 0.23298 0.64144 0.11290 ( 3)
 170 K   0.84617 0.00129 0.15191 0.00063 ( 1)
 171 I   0.43550 0.02769 0.52339 0.01342 ( 3)
 172 R   0.88081 0.00006 0.11910 0.00003 ( 1)
 173 P   0.86794 0.00012 0.13188 0.00006 ( 1)
 174 C   0.90175 0.00005 0.09818 0.00002 ( 1)
 175 I   0.83698 0.00276 0.15893 0.00134 ( 1)
 176 D   0.88339 0.00033 0.11612 0.00016 ( 1)
 177 L   0.86485 0.00049 0.13442 0.00024 ( 1)
 178 I   0.25487 0.01597 0.72142 0.00774 ( 3)
 179 D   0.87265 0.00034 0.12685 0.00017 ( 1)
 180 S   0.14222 0.37085 0.30721 0.17971 ( 2)
 181 L   0.72824 0.02854 0.22938 0.01383 ( 1)
 182 R   0.88608 0.00030 0.11347 0.00015 ( 1)
 183 A   0.01907 0.10512 0.82487 0.05094 ( 3)
 184 L   0.84179 0.01482 0.13621 0.00718 ( 1)
 185 G   0.27741 0.00048 0.72188 0.00023 ( 3)
 186 I   0.53009 0.02603 0.43126 0.01262 ( 1)
 187 E   0.24889 0.01166 0.73380 0.00565 ( 3)
 188 K   0.08523 0.07789 0.79913 0.03774 ( 3)
 189 D   0.87265 0.00034 0.12685 0.00017 ( 1)
 190 L   0.72601 0.03051 0.22870 0.01478 ( 1)
 191 S   0.00317 0.01844 0.96945 0.00894 ( 3)
 192 L   0.79701 0.02170 0.17078 0.01051 ( 1)
 193 P   0.86783 0.00010 0.13201 0.00005 ( 1)
 194 A   0.87924 0.00050 0.12002 0.00024 ( 1)
 195 I   0.82115 0.00373 0.17331 0.00181 ( 1)
 196 A   0.87891 0.00065 0.12012 0.00031 ( 1)
 197 V   0.82758 0.00013 0.17223 0.00006 ( 1)
 198 I   0.83632 0.00313 0.15904 0.00152 ( 1)
 199 G   0.89642 0.00006 0.10349 0.00003 ( 1)
 200 D   0.87265 0.00034 0.12685 0.00017 ( 1)
 201 Q   0.22155 0.01778 0.75205 0.00862 ( 3)
 202 S   0.35580 0.00063 0.64327 0.00030 ( 3)
 203 S   0.88590 0.00032 0.11363 0.00015 ( 1)
 204 G   0.90439 0.00009 0.09548 0.00004 ( 1)
 205 K   0.85969 0.00123 0.13849 0.00060 ( 1)
 206 S   0.89092 0.00010 0.10892 0.00005 ( 1)
 207 S   0.88066 0.00017 0.11909 0.00008 ( 1)
 208 I   0.26969 0.01850 0.70285 0.00896 ( 3)
 209 L   0.84590 0.01180 0.13659 0.00572 ( 1)
 210 E   0.83685 0.00224 0.15982 0.00109 ( 1)
 211 A   0.85381 0.00036 0.14565 0.00017 ( 1)
 212 L   0.74811 0.02795 0.21039 0.01354 ( 1)
 213 S   0.88586 0.00044 0.11348 0.00021 ( 1)
 214 G   0.90884 0.00008 0.09105 0.00004 ( 1)
 215 V   0.90616 0.00010 0.09369 0.00005 ( 1)
 216 S   0.20786 0.00428 0.78579 0.00207 ( 3)
 217 L   0.86268 0.00056 0.13648 0.00027 ( 1)
 218 P   0.86794 0.00012 0.13188 0.00006 ( 1)
 219 R   0.91576 0.00010 0.08410 0.00005 ( 1)
 220 G   0.31586 0.00092 0.68277 0.00045 ( 3)
 221 N   0.10657 0.00253 0.88967 0.00123 ( 3)
 222 G   0.90883 0.00005 0.09110 0.00002 ( 1)
 223 I   0.23515 0.01155 0.74770 0.00560 ( 3)
 224 V   0.32529 0.00113 0.67303 0.00055 ( 3)
 225 T   0.90639 0.00010 0.09347 0.00005 ( 1)
 226 R   0.89394 0.00016 0.10583 0.00008 ( 1)
 227 C   0.89805 0.00006 0.10187 0.00003 ( 1)
 228 P   0.88105 0.00009 0.11882 0.00004 ( 1)
 229 L   0.73947 0.01863 0.23288 0.00903 ( 1)
 230 E   0.56551 0.03995 0.37518 0.01936 ( 1)
 231 L   0.84139 0.01513 0.13615 0.00733 ( 1)
 232 K   0.84636 0.01222 0.13550 0.00592 ( 1)
 233 L   0.73846 0.01973 0.23225 0.00956 ( 1)
 234 K   0.83500 0.02048 0.13459 0.00992 ( 1)
 235 K   0.83955 0.01753 0.13443 0.00849 ( 1)
 236 I   0.03071 0.48430 0.25029 0.23469 ( 2)
 237 P   0.00000 0.67358 0.00000 0.32642 ( 2)
 238 T   0.00000 0.67358 0.00000 0.32642 ( 2)
 239 -   0.38621 0.28737 0.18716 0.13926 ( 1)
 240 S   0.00231 0.61747 0.08099 0.29923 ( 2)
 241 Q   0.00273 0.66956 0.00323 0.32447 ( 2)
 242 E   0.00282 0.67132 0.00054 0.32532 ( 2)
 243 W   0.89181 0.00006 0.10810 0.00003 ( 1)
 244 K   0.00088 0.67260 0.00058 0.32594 ( 2)
 245 G   0.90443 0.00010 0.09543 0.00005 ( 1)
 246 K   0.01736 0.07897 0.86540 0.03827 ( 3)
 247 I   0.57431 0.02950 0.38190 0.01429 ( 1)
 248 S   0.00034 0.66860 0.00705 0.32400 ( 2)
 249 Y   0.85527 0.00727 0.13394 0.00352 ( 1)
 250 R   0.00000 0.67358 0.00000 0.32642 ( 2)
 251 N   0.66590 0.02650 0.29476 0.01284 ( 1)
 252 I   0.00000 0.67358 0.00000 0.32642 ( 2)
 253 S   0.00227 0.06012 0.90847 0.02913 ( 3)
 254 T   0.00132 0.67040 0.00341 0.32487 ( 2)
 255 D   0.01427 0.02225 0.95269 0.01078 ( 3)
 256 L   0.00083 0.67261 0.00062 0.32595 ( 2)
 257 Q   0.00001 0.67355 0.00003 0.32640 ( 2)
 258 H   0.08524 0.10402 0.76033 0.05041 ( 3)
 259 A   0.08021 0.61173 0.01161 0.29645 ( 2)
 260 S   0.46327 0.30238 0.08782 0.14653 ( 1)
 261 E   0.00135 0.67249 0.00026 0.32589 ( 2)
 262 V   0.82363 0.00099 0.17490 0.00048 ( 1)
 263 E   0.23009 0.01189 0.75227 0.00576 ( 3)
 264 N   0.00012 0.67324 0.00039 0.32625 ( 2)
 265 A   0.32802 0.33823 0.16985 0.16391 ( 2)
 266 I   0.85466 0.02644 0.10609 0.01281 ( 1)
 267 R   0.04872 0.57149 0.10285 0.27694 ( 2)
 268 N   0.04837 0.54104 0.14840 0.26219 ( 2)
 269 A   0.84537 0.01178 0.13715 0.00571 ( 1)
 270 Q   0.82667 0.00352 0.16811 0.00171 ( 1)
 271 D   0.40274 0.24583 0.23230 0.11913 ( 1)
 272 V   0.00000 0.67358 0.00000 0.32642 ( 2)
 273 V   0.40216 0.24156 0.23923 0.11706 ( 1)
 274 A   0.83918 0.00109 0.15920 0.00053 ( 1)
 275 G   0.90180 0.00006 0.09812 0.00003 ( 1)
 276 T   0.00055 0.67232 0.00133 0.32580 ( 2)
 277 K   0.02326 0.01536 0.95393 0.00744 ( 3)
 278 G   0.00000 0.67358 0.00000 0.32642 ( 2)
 279 N   0.01424 0.52208 0.21068 0.25300 ( 2)
 280 I   0.83603 0.00329 0.15908 0.00159 ( 1)
 281 S   0.33011 0.00048 0.66917 0.00023 ( 3)
 282 G   0.01372 0.65697 0.01094 0.31837 ( 2)
 283 E   0.38190 0.36709 0.07312 0.17789 ( 1)
 284 L   0.85901 0.00098 0.13954 0.00048 ( 1)
 285 I   0.83779 0.00238 0.15869 0.00115 ( 1)
 286 S   0.02218 0.61559 0.06391 0.29832 ( 2)
 287 L   0.83266 0.01584 0.14383 0.00768 ( 1)
 288 E   0.79342 0.03690 0.15180 0.01788 ( 1)
 289 I   0.52447 0.07013 0.37142 0.03398 ( 1)
 290 C   0.09077 0.09722 0.76490 0.04711 ( 3)
 291 S   0.87905 0.00025 0.12058 0.00012 ( 1)
 292 P   0.74169 0.09951 0.11058 0.04822 ( 1)
 293 Y   0.04108 0.29153 0.52611 0.14128 ( 3)
 294 V   0.90401 0.00006 0.09589 0.00003 ( 1)
 295 P   0.86657 0.00014 0.13322 0.00007 ( 1)
 296 D   0.87256 0.00030 0.12700 0.00014 ( 1)
 297 L   0.72601 0.03051 0.22870 0.01478 ( 1)
 298 T   0.88705 0.00008 0.11282 0.00004 ( 1)
 299 L   0.77243 0.06782 0.12688 0.03287 ( 1)
 300 I   0.83969 0.00064 0.15936 0.00031 ( 1)
 301 D   0.88339 0.00033 0.11612 0.00016 ( 1)
 302 L   0.86259 0.00067 0.13642 0.00032 ( 1)
 303 P   0.86679 0.00034 0.13270 0.00017 ( 1)
 304 G   0.89651 0.00009 0.10336 0.00004 ( 1)
 305 I   0.83726 0.00233 0.15928 0.00113 ( 1)
 306 A   0.61376 0.00154 0.38396 0.00075 ( 1)
 307 R   0.88806 0.00006 0.11185 0.00003 ( 1)
 308 V   0.20772 0.00832 0.77993 0.00403 ( 3)
 309 A   0.85837 0.00130 0.13970 0.00063 ( 1)
 310 M   0.20750 0.01342 0.77258 0.00650 ( 3)
 311 R   0.30024 0.02135 0.66807 0.01035 ( 3)
 312 N   0.90034 0.00149 0.09745 0.00072 ( 1)
 313 Q   0.81443 0.00373 0.18002 0.00181 ( 1)
 314 P   0.86656 0.00033 0.13295 0.00016 ( 1)
 315 Q   0.00000 0.67358 0.00000 0.32642 ( 2)
 316 D   0.87385 0.00034 0.12564 0.00017 ( 1)
 317 I   0.22415 0.01231 0.75758 0.00596 ( 3)
 318 G   0.83701 0.04699 0.09322 0.02277 ( 1)
 319 E   0.00000 0.67358 0.00000 0.32642 ( 2)
 320 Q   0.02689 0.65142 0.00600 0.31568 ( 2)
 321 I   0.75285 0.05437 0.16643 0.02635 ( 1)
 322 K   0.85969 0.00123 0.13849 0.00060 ( 1)
 323 K   0.00003 0.67350 0.00008 0.32638 ( 2)
 324 L   0.85978 0.00066 0.13924 0.00032 ( 1)
 325 I   0.21971 0.01804 0.75351 0.00874 ( 3)
 326 K   0.00254 0.67130 0.00085 0.32531 ( 2)
 327 K   0.10479 0.59164 0.01686 0.28671 ( 2)
 328 I   0.01671 0.00868 0.97040 0.00421 ( 3)
 329 I   0.83574 0.00345 0.15914 0.00167 ( 1)
 330 S   0.00000 0.67357 0.00002 0.32641 ( 2)
 331 S   0.00367 0.63390 0.05524 0.30719 ( 2)
 332 K   0.57260 0.03393 0.37702 0.01644 ( 1)
 333 E   0.78483 0.04178 0.15314 0.02025 ( 1)
 334 T   0.88694 0.00006 0.11297 0.00003 ( 1)
 335 I   0.81411 0.00399 0.17997 0.00193 ( 1)
 336 N   0.25222 0.03321 0.69847 0.01609 ( 3)
 337 L   0.18874 0.04200 0.74891 0.02035 ( 3)
 338 V   0.91171 0.00131 0.08635 0.00063 ( 1)
 339 V   0.82142 0.00235 0.17510 0.00114 ( 1)
 340 V   0.86783 0.00009 0.13203 0.00005 ( 1)
 341 P   0.86758 0.00012 0.13224 0.00006 ( 1)
 342 C   0.00249 0.67157 0.00049 0.32544 ( 2)
 343 N   0.88396 0.00004 0.11598 0.00002 ( 1)
 344 V   0.82070 0.00288 0.17502 0.00140 ( 1)
 345 D   0.88339 0.00033 0.11612 0.00016 ( 1)
 346 I   0.83832 0.00208 0.15860 0.00101 ( 1)
 347 A   0.87920 0.00052 0.12003 0.00025 ( 1)
 348 T   0.88693 0.00011 0.11291 0.00005 ( 1)
 349 T   0.88639 0.00011 0.11344 0.00005 ( 1)
 350 E   0.83663 0.00226 0.16001 0.00110 ( 1)
 351 A   0.91242 0.00003 0.08754 0.00001 ( 1)
 352 L   0.72653 0.03004 0.22887 0.01456 ( 1)
 353 K   0.00399 0.66476 0.00910 0.32214 ( 2)
 354 M   0.92904 0.00001 0.07095 0.00000 ( 1)
 355 A   0.83899 0.00115 0.15931 0.00056 ( 1)
 356 Q   0.82815 0.02296 0.13777 0.01112 ( 1)
 357 E   0.79351 0.03479 0.15484 0.01686 ( 1)
 358 V   0.82070 0.00288 0.17502 0.00140 ( 1)
 359 D   0.87385 0.00034 0.12564 0.00017 ( 1)
 360 P   0.88001 0.00012 0.11982 0.00006 ( 1)
 361 K   0.00019 0.67180 0.00245 0.32555 ( 2)
 362 G   0.89613 0.00008 0.10376 0.00004 ( 1)
 363 E   0.57157 0.00470 0.42146 0.00228 ( 1)
 364 R   0.91688 0.00003 0.08308 0.00001 ( 1)
 365 T   0.89612 0.00010 0.10374 0.00005 ( 1)
 366 L   0.54854 0.00905 0.43803 0.00439 ( 1)
 367 G   0.90424 0.00007 0.09566 0.00003 ( 1)
 368 I   0.15974 0.22329 0.50877 0.10821 ( 3)
 369 L   0.84870 0.00607 0.14228 0.00294 ( 1)
 370 T   0.89494 0.00007 0.10495 0.00004 ( 1)
 371 K   0.85969 0.00123 0.13849 0.00059 ( 1)
 372 P   0.86957 0.00025 0.13006 0.00012 ( 1)
 373 D   0.87735 0.00021 0.12233 0.00010 ( 1)
 374 L   0.77199 0.01974 0.19870 0.00957 ( 1)
 375 V   0.79485 0.02401 0.16951 0.01163 ( 1)
 376 D   0.32347 0.00202 0.67353 0.00098 ( 3)
 377 I   0.00028 0.65825 0.02248 0.31899 ( 2)
 378 G   0.89630 0.00008 0.10358 0.00004 ( 1)
 379 T   0.90505 0.00127 0.09307 0.00061 ( 1)
 380 E   0.83749 0.00209 0.15940 0.00101 ( 1)
 381 E   0.00096 0.67248 0.00068 0.32588 ( 2)
 382 Y   0.00049 0.61638 0.08443 0.29870 ( 2)
 383 I   0.27063 0.02478 0.69258 0.01201 ( 3)
 384 I   0.00390 0.62260 0.07178 0.30171 ( 2)
 385 S   0.00451 0.15793 0.76103 0.07653 ( 3)
 386 I   0.53009 0.02603 0.43126 0.01262 ( 1)
 387 V   0.00658 0.66117 0.01185 0.32040 ( 2)
 388 Q   0.58934 0.05665 0.32656 0.02745 ( 1)
 389 N   0.90896 0.00001 0.09102 0.00000 ( 1)
 390 E   0.12007 0.15100 0.65575 0.07318 ( 3)
 391 V   0.83856 0.04843 0.08954 0.02347 ( 1)
 392 I   0.00024 0.67327 0.00023 0.32627 ( 2)
 393 P   0.47173 0.17980 0.26134 0.08713 ( 1)
 394 L   0.85095 0.01016 0.13396 0.00493 ( 1)
 395 R   0.62728 0.00882 0.35962 0.00427 ( 1)
 396 K   0.85969 0.00123 0.13849 0.00060 ( 1)
 397 G   0.89835 0.00011 0.10149 0.00005 ( 1)
 398 Y   0.86788 0.00042 0.13149 0.00021 ( 1)
 399 M   0.92904 0.00001 0.07095 0.00000 ( 1)
 400 V   0.20780 0.01624 0.76809 0.00787 ( 3)
 401 V   0.82752 0.00018 0.17222 0.00009 ( 1)
 402 K   0.84881 0.00129 0.14927 0.00063 ( 1)
 403 C   0.89797 0.00005 0.10195 0.00002 ( 1)
 404 R   0.03834 0.00238 0.95813 0.00115 ( 3)
 405 G   0.90574 0.00008 0.09414 0.00004 ( 1)
 406 Q   0.85372 0.00286 0.14203 0.00139 ( 1)
 407 R   0.02580 0.05026 0.89959 0.02435 ( 3)
 408 D   0.70734 0.12787 0.10283 0.06196 ( 1)
 409 I   0.19634 0.01939 0.77487 0.00940 ( 3)
 410 H   0.00002 0.67196 0.00239 0.32563 ( 2)
 411 N   0.00336 0.67052 0.00119 0.32493 ( 2)
 412 K   0.00169 0.65871 0.02039 0.31921 ( 2)
 413 L   0.06063 0.62126 0.01705 0.30106 ( 2)
 414 T   0.07503 0.00507 0.91746 0.00245 ( 3)
 415 L   0.20621 0.07809 0.67785 0.03784 ( 3)
 416 A   0.00041 0.67266 0.00096 0.32597 ( 2)
 417 S   0.01310 0.63869 0.03870 0.30951 ( 2)
 418 A   0.86775 0.00062 0.13132 0.00030 ( 1)
 419 I   0.00065 0.67269 0.00068 0.32599 ( 2)
 420 H   0.14198 0.23458 0.50976 0.11368 ( 3)
 421 Q   0.00534 0.66700 0.00442 0.32323 ( 2)
 422 E   0.83388 0.00230 0.16271 0.00111 ( 1)
 423 R   0.00006 0.67352 0.00003 0.32639 ( 2)
 424 Q   0.00000 0.67357 0.00001 0.32641 ( 2)
 425 F   0.86764 0.00040 0.13176 0.00019 ( 1)
 426 F   0.84918 0.00116 0.14909 0.00056 ( 1)
 427 E   0.38740 0.35937 0.07908 0.17415 ( 1)
 428 T   0.00000 0.67358 0.00001 0.32642 ( 2)
 429 H   0.91460 0.00002 0.08537 0.00001 ( 1)
 430 K   0.00046 0.67237 0.00133 0.32583 ( 2)
 431 C   0.00157 0.62608 0.06895 0.30340 ( 2)
 432 F   0.86764 0.00040 0.13176 0.00019 ( 1)
 433 S   0.70110 0.01238 0.28052 0.00600 ( 1)
 434 I   0.00003 0.67330 0.00038 0.32628 ( 2)
 435 L   0.86200 0.00113 0.13632 0.00055 ( 1)
 436 L   0.73084 0.02630 0.23012 0.01274 ( 1)
 437 D   0.63348 0.01517 0.34400 0.00735 ( 1)
 438 Q   0.14875 0.17143 0.59674 0.08308 ( 3)
 439 N   0.22099 0.00850 0.76639 0.00412 ( 3)
 440 K   0.00190 0.67207 0.00035 0.32568 ( 2)
 441 A   0.84017 0.00074 0.15874 0.00036 ( 1)
 442 T   0.90655 0.00006 0.09337 0.00003 ( 1)
 443 I   0.15038 0.50175 0.10473 0.24315 ( 2)
 444 P   0.87153 0.00011 0.12831 0.00005 ( 1)
 445 H   0.01091 0.65482 0.01695 0.31733 ( 2)
 446 L   0.72892 0.02796 0.22956 0.01355 ( 1)
 447 A   0.88002 0.00017 0.11973 0.00008 ( 1)
 448 M   0.00140 0.48024 0.28563 0.23273 ( 2)
 449 K   0.10901 0.58239 0.02637 0.28223 ( 2)
 450 L   0.85559 0.00491 0.13713 0.00238 ( 1)
 451 T   0.88694 0.00011 0.11291 0.00005 ( 1)
 452 N   0.00000 0.67358 0.00000 0.32642 ( 2)
 453 E   0.83660 0.00233 0.15993 0.00113 ( 1)
 454 L   0.86267 0.00050 0.13658 0.00024 ( 1)
 455 V   0.30895 0.33294 0.19677 0.16134 ( 2)
 456 A   0.00001 0.67352 0.00008 0.32639 ( 2)
 457 H   0.42880 0.00017 0.57095 0.00008 ( 3)
 458 I   0.83591 0.00332 0.15916 0.00161 ( 1)
 459 I   0.00733 0.65044 0.02702 0.31520 ( 2)
 460 K   0.86111 0.00073 0.13781 0.00035 ( 1)
 461 T   0.72247 0.04846 0.20559 0.02348 ( 1)
 462 L   0.80536 0.01487 0.17256 0.00721 ( 1)
 463 P   0.86795 0.00011 0.13188 0.00005 ( 1)
 464 T   0.00128 0.63801 0.05152 0.30918 ( 2)
 465 I   0.64488 0.00641 0.34561 0.00311 ( 1)
 466 E   0.83370 0.00207 0.16322 0.00100 ( 1)
 467 S   0.00089 0.65041 0.03352 0.31519 ( 2)
 468 Q   0.85838 0.00070 0.14058 0.00034 ( 1)
 469 I   0.34373 0.00161 0.65389 0.00078 ( 3)
 470 R   0.00063 0.66958 0.00530 0.32448 ( 2)
 471 E   0.00136 0.66985 0.00418 0.32461 ( 2)
 472 V   0.00001 0.67344 0.00020 0.32635 ( 2)
 473 L   0.54599 0.00253 0.45026 0.00122 ( 1)
 474 Q   0.79923 0.04567 0.13296 0.02213 ( 1)
 475 K   0.00000 0.67358 0.00000 0.32642 ( 2)
 476 S   0.00018 0.67244 0.00151 0.32586 ( 2)
 477 V   0.00204 0.26900 0.59861 0.13036 ( 3)
 478 Q   0.05457 0.04203 0.88304 0.02037 ( 3)
 479 E   0.83663 0.00226 0.16001 0.00110 ( 1)
 480 L   0.85761 0.00210 0.13927 0.00102 ( 1)
 481 Q   0.83614 0.01769 0.13759 0.00857 ( 1)
 482 K   0.75092 0.07697 0.13481 0.03730 ( 1)
 483 Y   0.85946 0.00410 0.13445 0.00199 ( 1)
 484 R   0.06759 0.00319 0.92768 0.00154 ( 3)
 485 R   0.00000 0.67358 0.00000 0.32642 ( 2)
 486 G   0.09094 0.00834 0.89667 0.00404 ( 3)
 487 T   0.13548 0.53447 0.07105 0.25900 ( 2)
 488 P   0.32419 0.00168 0.67331 0.00082 ( 3)
 489 T   0.00013 0.66852 0.00739 0.32396 ( 2)
 490 I   0.00005 0.67210 0.00215 0.32570 ( 2)
 491 E   0.08479 0.15198 0.68958 0.07365 ( 3)
 492 T   0.00000 0.67358 0.00001 0.32642 ( 2)
 493 E   0.00020 0.67303 0.00062 0.32615 ( 2)
 494 K   0.82677 0.01238 0.15486 0.00600 ( 1)
 495 L   0.01295 0.00846 0.97449 0.00410 ( 3)
 496 A   0.00234 0.28261 0.57810 0.13695 ( 3)
 497 F   0.60455 0.20387 0.09278 0.09879 ( 1)
 498 L   0.84671 0.01150 0.13622 0.00557 ( 1)
