Supplemental results for CODEML (seqf: ../../inp_data/aln_codawdna.phy  treef: ../../inp_data/Mx_branch_duckchicken.tree)

I	J	ij	2Ns_IJ	pMut_IJ	pSub_IJ	2Ns_JI	pMut_JI	pSub_JI

TTC	TTT	CT	0.81788	0.03097	0.04534	-0.81788	0.07016	0.04534
TTA	TTT	AT	1.94382	0.00314	0.00712	-1.94382	0.02193	0.00712
TTA	TTC	AC	1.12594	0.00741	0.01236	-1.12594	0.02286	0.01236
TTG	TTT	GT	0.87410	0.00738	0.01107	-0.87410	0.01768	0.01107
TTG	TTC	GC	0.05623	0.01742	0.01792	-0.05623	0.01843	0.01792
TTG	TTA	GA	-1.06971	0.03870	0.02162	1.06971	0.01328	0.02162
TCT	TTT	CT	1.55241	0.01485	0.02926	-1.55241	0.07016	0.02926
TCC	TTC	CT	1.22175	0.02155	0.03733	-1.22175	0.07312	0.03733
TCC	TCT	CT	0.48722	0.02155	0.02722	-0.48722	0.03508	0.02722
TCA	TTA	CT	0.45380	0.01255	0.01562	-0.45380	0.01976	0.01562
TCA	TCT	AT	0.84520	0.00471	0.00698	-0.84520	0.01097	0.00698
TCA	TCC	AC	0.35799	0.01112	0.01323	-0.35799	0.01591	0.01323
TCG	TTG	CT	2.07036	0.00586	0.01388	-2.07036	0.04644	0.01388
TCG	TCT	GT	1.39205	0.00220	0.00407	-1.39205	0.00884	0.00407
TCG	TCC	GC	0.90483	0.00519	0.00789	-0.90483	0.01283	0.00789
TCG	TCA	GA	0.54684	0.01153	0.01497	-0.54684	0.01992	0.01497
TAT	TTT	AT	1.38420	0.00549	0.01015	-1.38420	0.02193	0.01015
TAT	TCT	AC	-0.16821	0.01297	0.01191	0.16821	0.01097	0.01191
TAC	TTC	AT	0.87006	0.00958	0.01434	-0.87006	0.02286	0.01434
TAC	TCC	AC	-0.35169	0.02261	0.01887	0.35169	0.01591	0.01887
TAC	TAT	CT	0.30374	0.02553	0.02960	-0.30374	0.03458	0.02960
TGT	TTT	GT	1.65620	0.00338	0.00691	-1.65620	0.01768	0.00691
TGT	TCT	GC	0.10379	0.00797	0.00839	-0.10379	0.00884	0.00839
TGT	TAT	GA	0.27200	0.01770	0.02022	-0.27200	0.02324	0.02022
TGC	TTC	GT	1.21029	0.00549	0.00947	-1.21029	0.01843	0.00947
TGC	TCC	GC	-0.01146	0.01297	0.01290	0.01146	0.01283	0.01290
TGC	TAC	GA	0.34023	0.02882	0.03400	-0.34023	0.04050	0.03400
TGC	TGT	CT	0.37197	0.01465	0.01754	-0.37197	0.02124	0.01754
TGG	TTG	GT	1.19820	0.00353	0.00606	-1.19820	0.01171	0.00606
TGG	TCG	GC	-0.87215	0.00834	0.00523	0.87215	0.00349	0.00523
TGG	TGT	GT	0.41611	0.00353	0.00432	-0.41611	0.00535	0.00432
TGG	TGC	GC	0.04414	0.00834	0.00853	-0.04414	0.00872	0.00853
CTT	TTT	CT	1.19012	0.02134	0.03650	-1.19012	0.07016	0.03650
CTC	TTC	CT	1.02020	0.02636	0.04206	-1.02020	0.07312	0.04206
CTC	CTT	CT	0.64796	0.02636	0.03582	-0.64796	0.05039	0.03582
CTA	TTA	CT	0.67694	0.01004	0.01382	-0.67694	0.01976	0.01382
CTA	CTT	AT	1.43064	0.00377	0.00708	-1.43064	0.01575	0.00708
CTA	CTC	AC	0.78268	0.00890	0.01283	-0.78268	0.01946	0.01283
CTG	TTG	CT	-0.61116	0.08557	0.06207	0.61116	0.04644	0.06207
CTG	CTT	GT	-0.92717	0.03210	0.01949	0.92717	0.01270	0.01949
CTG	CTC	GC	-1.57513	0.07581	0.03117	1.57513	0.01569	0.03117
CTG	CTA	GA	-2.35781	0.16838	0.04149	2.35781	0.01593	0.04149
CCT	TCT	CT	0.56807	0.01988	0.02605	-0.56807	0.03508	0.02605
CCT	CTT	CT	0.93036	0.01988	0.03054	-0.93036	0.05039	0.03054
CCC	TCC	CT	1.02809	0.01820	0.02914	-1.02809	0.05089	0.02914
CCC	CTC	CT	1.22964	0.01820	0.03163	-1.22964	0.06225	0.03163
CCC	CCT	CT	0.94723	0.01820	0.02816	-0.94723	0.04694	0.02816
CCA	TCA	CT	0.44275	0.01904	0.02356	-0.44275	0.02964	0.02356
CCA	CTA	CT	0.21961	0.01904	0.02121	-0.21961	0.02372	0.02121
CCA	CCT	AT	0.71989	0.00714	0.01002	-0.71989	0.01467	0.01002
CCA	CCC	AC	-0.22735	0.01687	0.01502	0.22735	0.01344	0.01502
CCG	TCG	CT	1.10043	0.00460	0.00759	-1.10043	0.01383	0.00759
CCG	CTG	CT	3.78194	0.00460	0.01781	-3.78194	0.20207	0.01781
CCG	CCT	GT	1.92441	0.00173	0.00389	-1.92441	0.01183	0.00389
CCG	CCC	GC	0.97717	0.00408	0.00639	-0.97717	0.01083	0.00639
CCG	CCA	GA	1.20452	0.00906	0.01558	-1.20452	0.03021	0.01558
CAT	TAT	CT	0.99689	0.01276	0.02016	-0.99689	0.03458	0.02016
CAT	CTT	AT	1.19097	0.00479	0.00819	-1.19097	0.01575	0.00819
CAT	CCT	AC	0.26061	0.01131	0.01284	-0.26061	0.01467	0.01284
CAC	TAC	CT	0.90111	0.02448	0.03714	-0.90111	0.06028	0.03714
CAC	CTC	AT	0.75098	0.00918	0.01306	-0.75098	0.01946	0.01306
CAC	CCC	AC	-0.47866	0.02169	0.01691	0.47866	0.01344	0.01691
CAC	CAT	CT	0.20796	0.02448	0.02711	-0.20796	0.03014	0.02711
CAA	CTA	AT	-0.35721	0.01060	0.00882	0.35721	0.00741	0.00882
CAA	CCA	AC	-0.57681	0.02502	0.01850	0.57681	0.01405	0.01850
CAA	CAT	AT	-0.11753	0.01060	0.00999	0.11753	0.00942	0.00999
CAA	CAC	AC	-0.32550	0.02502	0.02117	0.32550	0.01807	0.02117
CAG	CTG	AT	0.78522	0.02881	0.04158	-0.78522	0.06317	0.04158
CAG	CCG	AC	-2.99672	0.06802	0.01072	2.99672	0.00340	0.01072
CAG	CAT	GT	-1.33292	0.02881	0.01375	1.33292	0.00760	0.01375
CAG	CAC	GC	-1.54088	0.06802	0.02857	1.54088	0.01457	0.02857
CAG	CAA	GA	-1.21538	0.15109	0.07743	1.21538	0.04481	0.07743
CGT	TGT	CT	1.40159	0.00523	0.00973	-1.40159	0.02124	0.00973
CGT	CTT	GT	1.86767	0.00196	0.00433	-1.86767	0.01270	0.00433
CGT	CCT	GC	0.93731	0.00463	0.00714	-0.93731	0.01183	0.00714
CGT	CAT	GA	0.67670	0.01029	0.01416	-0.67670	0.02025	0.01416
CGC	TGC	CT	1.27912	0.00962	0.01706	-1.27912	0.03458	0.01706
CGC	CTC	GT	1.46921	0.00361	0.00689	-1.46921	0.01569	0.00689
CGC	CCC	GC	0.23957	0.00853	0.00959	-0.23957	0.01083	0.00959
CGC	CAC	GA	0.71824	0.01894	0.02655	-0.71824	0.03884	0.02655
CGC	CGT	CT	0.24950	0.00962	0.01087	-0.24950	0.01235	0.01087
CGA	CTA	GT	0.69519	0.00298	0.00414	-0.69519	0.00598	0.00414
CGA	CCA	GC	0.47558	0.00704	0.00885	-0.47558	0.01133	0.00885
CGA	CAA	GA	1.05239	0.01564	0.02529	-1.05239	0.04481	0.02529
CGA	CGT	AT	0.25816	0.00298	0.00338	-0.25816	0.00386	0.00338
CGA	CGC	AC	0.00866	0.00704	0.00707	-0.00866	0.00710	0.00707
CGG	TGG	CT	0.00249	0.02218	0.02221	-0.00249	0.02223	0.02221
CGG	CTG	GT	1.81185	0.00832	0.01802	-1.81185	0.05093	0.01802
CGG	CCG	GC	-1.97009	0.01965	0.00627	1.97009	0.00274	0.00627
CGG	CAG	GA	1.02663	0.04364	0.06981	-1.02663	0.12183	0.06981
CGG	CGT	GT	-0.98299	0.00832	0.00489	0.98299	0.00311	0.00489
CGG	CGC	GC	-1.23249	0.01965	0.00997	1.23249	0.00573	0.00997
CGG	CGA	GA	-1.24115	0.04364	0.02202	1.24115	0.01261	0.02202
ATT	TTT	AT	0.49690	0.01334	0.01693	-0.49690	0.02193	0.01693
ATT	CTT	AC	-0.69322	0.03151	0.02184	0.69322	0.01575	0.02184
ATC	TTC	AT	-0.15780	0.02677	0.02471	0.15780	0.02286	0.02471
ATC	CTC	AC	-1.17800	0.06321	0.03312	1.17800	0.01946	0.03312
ATC	ATT	CT	0.16318	0.07135	0.07732	-0.16318	0.08399	0.07732
ATA	TTA	AT	-0.34378	0.00871	0.00730	0.34378	0.00618	0.00730
ATA	CTA	AC	-1.02073	0.02057	0.01183	1.02073	0.00741	0.01183
ATA	ATT	AT	1.10314	0.00871	0.01438	-1.10314	0.02626	0.01438
ATA	ATC	AC	0.93996	0.02057	0.03174	-0.93996	0.05267	0.03174
ATG	TTG	AT	0.17674	0.01217	0.01327	-0.17674	0.01452	0.01327
ATG	CTG	AC	0.78789	0.02873	0.04152	-0.78789	0.06317	0.04152
ATG	ATT	GT	0.55395	0.01217	0.01585	-0.55395	0.02117	0.01585
ATG	ATC	GC	0.39076	0.02873	0.03471	-0.39076	0.04247	0.03471
ATG	ATA	GA	-0.54919	0.06381	0.04789	0.54919	0.03685	0.04789
ACT	TCT	AT	0.48520	0.00675	0.00852	-0.48520	0.01097	0.00852
ACT	CCT	AC	-0.08287	0.01594	0.01529	0.08287	0.01467	0.01529
ACT	ATT	CT	1.54072	0.01799	0.03528	-1.54072	0.08399	0.03528
ACC	TCC	AT	0.36995	0.01099	0.01315	-0.36995	0.01591	0.01315
ACC	CCC	AC	-0.65813	0.02595	0.01834	0.65813	0.01344	0.01834
ACC	ATC	CT	1.74950	0.02929	0.06203	-1.74950	0.16848	0.06203
ACC	ACT	CT	0.37197	0.02929	0.03508	-0.37197	0.04249	0.03508
ACA	TCA	AT	0.07987	0.00856	0.00890	-0.07987	0.00927	0.00890
ACA	CCA	AC	-0.36288	0.02020	0.01676	0.36288	0.01405	0.01676
ACA	ATA	CT	0.87745	0.02281	0.03426	-0.87745	0.05484	0.03426
ACA	ACT	AT	0.43987	0.00856	0.01057	-0.43987	0.01328	0.01057
ACA	ACC	AC	0.06790	0.02020	0.02090	-0.06790	0.02162	0.02090
ACG	TCG	AT	0.18043	0.00361	0.00395	-0.18043	0.00432	0.00395
ACG	CCG	AC	-0.92000	0.00853	0.00520	0.92000	0.00340	0.00520
ACG	ATG	CT	2.07405	0.00962	0.02283	-2.07405	0.07658	0.02283
ACG	ACT	GT	1.08728	0.00361	0.00592	-1.08728	0.01071	0.00592
ACG	ACC	GC	0.71531	0.00853	0.01194	-0.71531	0.01743	0.01194
ACG	ACA	GA	0.64741	0.01894	0.02573	-0.64741	0.03618	0.02573
AAT	TAT	AT	-0.21043	0.01334	0.01199	0.21043	0.01081	0.01199
AAT	CAT	AC	-1.20732	0.03151	0.01623	1.20732	0.00942	0.01623
AAT	ATT	AT	0.67687	0.01334	0.01837	-0.67687	0.02626	0.01837
AAT	ACT	AC	-0.86385	0.03151	0.01984	0.86385	0.01328	0.01984
AAC	TAC	AT	0.53925	0.01099	0.01422	-0.53925	0.01884	0.01422
AAC	CAC	AC	-0.36186	0.02595	0.02154	0.36186	0.01807	0.02154
AAC	ATC	AT	1.56711	0.01099	0.02176	-1.56711	0.05267	0.02176
AAC	ACC	AC	-0.18240	0.02595	0.02365	0.18240	0.02162	0.02365
AAC	AAT	CT	1.05342	0.02929	0.04738	-1.05342	0.08399	0.04738
AAA	CAA	AC	-0.91191	0.05190	0.03178	0.91191	0.02085	0.03178
AAA	ATA	AT	-0.24839	0.02198	0.01936	0.24839	0.01714	0.01936
AAA	ACA	AC	-1.12584	0.05190	0.02805	1.12584	0.01683	0.02805
AAA	AAT	AT	0.17788	0.02198	0.02399	-0.17788	0.02626	0.02399
AAA	AAC	AC	-0.87554	0.05190	0.03245	0.87554	0.02162	0.03245
AAG	CAG	AC	-0.18512	0.06821	0.06209	0.18512	0.05668	0.06209
AAG	ATG	AT	-0.18779	0.02889	0.02626	0.18779	0.02394	0.02626
AAG	ACG	AC	-2.26184	0.06821	0.01794	2.26184	0.00710	0.01794
AAG	AAT	GT	-0.31071	0.02889	0.02463	0.31071	0.02117	0.02463
AAG	AAC	GC	-1.36413	0.06821	0.03195	1.36413	0.01743	0.03195
AAG	AAA	GA	-0.48859	0.15150	0.11749	0.48859	0.09295	0.11749
AGT	TGT	AT	-0.00458	0.00667	0.00666	0.00458	0.00664	0.00666
AGT	CGT	AC	-1.40617	0.01576	0.00719	1.40617	0.00386	0.00719
AGT	ATT	GT	1.15472	0.00667	0.01125	-1.15472	0.02117	0.01125
AGT	ACT	GC	-0.38600	0.01576	0.01291	0.38600	0.01071	0.01291
AGT	AAT	GA	0.47785	0.03499	0.04402	-0.47785	0.05643	0.04402
AGC	TGC	AT	-0.14354	0.01248	0.01161	0.14354	0.01081	0.01161
AGC	CGC	AC	-1.42266	0.02947	0.01332	1.42266	0.00710	0.01332
AGC	ATC	GT	1.22455	0.01248	0.02164	-1.22455	0.04247	0.02164
AGC	ACC	GC	-0.52495	0.02947	0.02241	0.52495	0.01743	0.02241
AGC	AAC	GA	-0.34256	0.06546	0.05489	0.34256	0.04647	0.05489
AGC	AGT	CT	0.23301	0.03327	0.03729	-0.23301	0.04200	0.03729
AGA	CGA	AC	-1.42761	0.02447	0.01102	1.42761	0.00587	0.01102
AGA	ATA	GT	0.28830	0.01036	0.01193	-0.28830	0.01382	0.01193
AGA	ACA	GC	-0.58915	0.02447	0.01796	0.58915	0.01357	0.01796
AGA	AAA	GA	0.53669	0.05434	0.07022	-0.53669	0.09295	0.07022
AGA	AGT	AT	0.23672	0.01036	0.01164	-0.23672	0.01313	0.01164
AGA	AGC	AC	0.00371	0.02447	0.02451	-0.00371	0.02456	0.02451
AGG	TGG	AT	-0.02733	0.00714	0.00705	0.02733	0.00695	0.00705
AGG	CGG	AC	-0.02982	0.01687	0.01662	0.02982	0.01637	0.01662
AGG	ATG	GT	0.99414	0.00714	0.01127	-0.99414	0.01930	0.01127
AGG	ACG	GC	-1.07991	0.01687	0.00937	1.07991	0.00573	0.00937
AGG	AAG	GA	1.18193	0.03746	0.06387	-1.18193	0.12216	0.06387
AGG	AGT	GT	0.39336	0.00714	0.00864	-0.39336	0.01059	0.00864
AGG	AGC	GC	0.16035	0.01687	0.01826	-0.16035	0.01980	0.01826
AGG	AGA	GA	0.15665	0.03746	0.04047	-0.15665	0.04382	0.04047
GTT	TTT	GT	1.07359	0.00604	0.00986	-1.07359	0.01768	0.00986
GTT	CTT	GC	-0.11653	0.01427	0.01346	0.11653	0.01270	0.01346
GTT	ATT	GA	0.57670	0.03170	0.04171	-0.57670	0.05643	0.04171
GTC	TTC	GT	0.64660	0.00965	0.01311	-0.64660	0.01843	0.01311
GTC	CTC	GC	-0.37359	0.02280	0.01880	0.37359	0.01569	0.01880
GTC	ATC	GA	0.80440	0.05064	0.07371	-0.80440	0.11319	0.07371
GTC	GTT	CT	0.39089	0.02573	0.03109	-0.39089	0.03804	0.03109
GTA	TTA	GT	0.30030	0.00369	0.00427	-0.30030	0.00498	0.00427
GTA	CTA	GC	-0.37664	0.00871	0.00717	0.37664	0.00598	0.00717
GTA	ATA	GA	0.64409	0.01935	0.02625	-0.64409	0.03685	0.02625
GTA	GTT	AT	1.17053	0.00369	0.00626	-1.17053	0.01189	0.00626
GTA	GTC	AC	0.77964	0.00871	0.01254	-0.77964	0.01900	0.01254
GTG	TTG	GT	-0.52059	0.01970	0.01502	0.52059	0.01171	0.01502
GTG	CTG	GC	0.09057	0.04652	0.04866	-0.09057	0.05093	0.04866
GTG	ATG	GA	-0.69732	0.10333	0.07146	0.69732	0.05145	0.07146
GTG	GTT	GT	-0.72008	0.01970	0.01345	0.72008	0.00959	0.01345
GTG	GTC	GC	-1.11096	0.04652	0.02537	1.11096	0.01532	0.02537
GTG	GTA	GA	-1.89060	0.10333	0.03474	1.89060	0.01560	0.03474
GCT	TCT	GT	-0.29963	0.01193	0.01023	0.29963	0.00884	0.01023
GCT	CCT	GC	-0.86770	0.02817	0.01770	0.86770	0.01183	0.01770
GCT	ACT	GA	-0.78483	0.06258	0.04120	0.78483	0.02855	0.04120
GCT	GTT	CT	0.17919	0.03180	0.03474	-0.17919	0.03804	0.03474
GCC	TCC	GT	-0.08548	0.01397	0.01338	0.08548	0.01283	0.01338
GCC	CCC	GC	-1.11357	0.03299	0.01796	1.11357	0.01083	0.01796
GCC	ACC	GA	-0.45544	0.07328	0.05786	0.45544	0.04647	0.05786
GCC	GTC	CT	0.48967	0.03724	0.04710	-0.48967	0.06077	0.04710
GCC	GCT	CT	0.70136	0.03724	0.05182	-0.70136	0.07510	0.05182
GCA	TCA	GT	-0.04925	0.00785	0.00766	0.04925	0.00747	0.00766
GCA	CCA	GC	-0.49200	0.01854	0.01435	0.49200	0.01133	0.01435
GCA	ACA	GA	-0.12912	0.04117	0.03857	0.12912	0.03618	0.03857
GCA	GTA	CT	0.10424	0.02092	0.02203	-0.10424	0.02322	0.02203
GCA	GCT	AT	1.09558	0.00785	0.01292	-1.09558	0.02348	0.01292
GCA	GCC	AC	0.39422	0.01854	0.02243	-0.39422	0.02749	0.02243
GCG	TCG	GT	0.65828	0.00181	0.00246	-0.65828	0.00349	0.00246
GCG	CCG	GC	-0.44214	0.00426	0.00339	0.44214	0.00274	0.00339
GCG	ACG	GA	0.47785	0.00947	0.01191	-0.47785	0.01527	0.01191
GCG	GTG	CT	3.24922	0.00481	0.01627	-3.24922	0.12401	0.01627
GCG	GCT	GT	2.34996	0.00181	0.00469	-2.34996	0.01893	0.00469
GCG	GCC	GC	1.64860	0.00426	0.00870	-1.64860	0.02217	0.00870
GCG	GCA	GA	1.25438	0.00947	0.01662	-1.25438	0.03319	0.01662
GAT	TAT	GT	-0.35253	0.01240	0.01034	0.35253	0.00872	0.01034
GAT	CAT	GC	-1.34941	0.02929	0.01384	1.34941	0.00760	0.01384
GAT	AAT	GA	-0.14209	0.06505	0.06054	0.14209	0.05643	0.06054
GAT	GTT	AT	-0.04192	0.01240	0.01214	0.04192	0.01189	0.01214
GAT	GCT	AC	-0.22111	0.02929	0.02617	0.22111	0.02348	0.02617
GAC	TAC	GT	-0.38690	0.02237	0.01832	0.38690	0.01519	0.01832
GAC	CAC	GC	-1.28801	0.05283	0.02591	1.28801	0.01457	0.02591
GAC	AAC	GA	-0.92614	0.11733	0.07127	0.92614	0.04647	0.07127
GAC	GTC	AT	-0.16344	0.02237	0.02059	0.16344	0.01900	0.02059
GAC	GCC	AC	-0.65310	0.05283	0.03744	0.65310	0.02749	0.03744
GAC	GAT	CT	0.26937	0.05963	0.06802	-0.26937	0.07806	0.06802
GAA	CAA	GC	-1.30953	0.06228	0.03016	1.30953	0.01681	0.03016
GAA	AAA	GA	-0.39762	0.13833	0.11265	0.39762	0.09295	0.11265
GAA	GTA	AT	-1.29010	0.02637	0.01292	1.29010	0.00726	0.01292
GAA	GCA	AC	-1.39434	0.06228	0.02864	1.39434	0.01544	0.02864
GAA	GAT	AT	-0.07765	0.02637	0.02536	0.07765	0.02440	0.02536
GAA	GAC	AC	-0.34702	0.06228	0.05210	0.34702	0.04402	0.05210
GAG	CAG	GC	-0.55379	0.07952	0.05952	0.55379	0.04570	0.05952
GAG	AAG	GA	-0.36867	0.17662	0.14606	0.36867	0.12216	0.14606
GAG	GTG	AT	0.14086	0.03367	0.03610	-0.14086	0.03877	0.03610
GAG	GCG	AC	-3.10836	0.07952	0.01156	3.10836	0.00355	0.01156
GAG	GAT	GT	-0.53729	0.03367	0.02543	0.53729	0.01968	0.02543
GAG	GAC	GC	-0.80666	0.07952	0.05171	0.80666	0.03549	0.05171
GAG	GAA	GA	-0.45964	0.17662	0.13912	0.45964	0.11153	0.13912
GGT	TGT	GT	0.16233	0.00455	0.00493	-0.16233	0.00535	0.00493
GGT	CGT	GC	-1.23926	0.01075	0.00543	1.23926	0.00311	0.00543
GGT	AGT	GA	0.16691	0.02388	0.02593	-0.16691	0.02822	0.02593
GGT	GTT	GT	0.74493	0.00455	0.00646	-0.74493	0.00959	0.00646
GGT	GCT	GC	0.56575	0.01075	0.01408	-0.56575	0.01893	0.01408
GGT	GAT	GA	0.78686	0.02388	0.03449	-0.78686	0.05245	0.03449
GGC	TGC	GT	-0.14196	0.01005	0.00935	0.14196	0.00872	0.00935
GGC	CGC	GC	-1.42108	0.02373	0.01073	1.42108	0.00573	0.01073
GGC	AGC	GA	0.00158	0.05270	0.05274	-0.00158	0.05278	0.05274
GGC	GTC	GT	0.42173	0.01005	0.01231	-0.42173	0.01532	0.01231
GGC	GCC	GC	-0.06794	0.02373	0.02293	0.06794	0.02217	0.02293
GGC	GAC	GA	0.58516	0.05270	0.06961	-0.58516	0.09461	0.06961
GGC	GGT	CT	0.06768	0.02678	0.02770	-0.06768	0.02866	0.02770
GGA	CGA	GC	-1.29271	0.01724	0.00843	1.29271	0.00473	0.00843
GGA	AGA	GA	0.13491	0.03829	0.04093	-0.13491	0.04382	0.04093
GGA	GTA	GT	-0.22088	0.00730	0.00652	0.22088	0.00585	0.00652
GGA	GCA	GC	-0.32512	0.01724	0.01459	0.32512	0.01245	0.01459
GGA	GAA	GA	1.06922	0.03829	0.06234	-1.06922	0.11153	0.06234
GGA	GGT	AT	0.20471	0.00730	0.00807	-0.20471	0.00896	0.00807
GGA	GGC	AC	0.13703	0.01724	0.01845	-0.13703	0.01977	0.01845
GGG	TGG	GT	-0.31673	0.00769	0.00654	0.31673	0.00560	0.00654
GGG	CGG	GC	-0.31922	0.01816	0.01542	0.31922	0.01320	0.01542
GGG	AGG	GA	-0.28940	0.04035	0.03479	0.28940	0.03021	0.03479
GGG	GTG	GT	1.40206	0.00769	0.01431	-1.40206	0.03126	0.01431
GGG	GCG	GC	-1.84717	0.01816	0.00628	1.84717	0.00286	0.00628
GGG	GAG	GA	1.26119	0.04035	0.07100	-1.26119	0.14241	0.07100
GGG	GGT	GT	-0.06295	0.00769	0.00745	0.06295	0.00722	0.00745
GGG	GGC	GC	-0.13063	0.01816	0.01700	0.13063	0.01594	0.01700
GGG	GGA	GA	-0.26766	0.04035	0.03519	0.26766	0.03087	0.03519


Histograms
2Ns	FMut	FSub(CodonUsage)	FSubw(after w)

-3.60185	0.01371	0.00140
-3.24166	0.01381	0.00218
-2.88148	0.00461	0.00084
-2.52129	0.01271	0.00362
-2.16111	0.01297	0.00429
-1.80092	0.03032	0.01242
-1.44074	0.07347	0.03878
-1.08055	0.14645	0.09376
-0.72037	0.13022	0.10367
-0.36018	0.17117	0.16300
0.00000	0.13181	0.15208
0.36018	0.11777	0.16300
0.72037	0.06450	0.10367
1.08055	0.04962	0.09376
1.44074	0.01805	0.03878
1.80092	0.00497	0.01242
2.16111	0.00153	0.00429
2.52129	0.00120	0.00362
2.88148	0.00023	0.00084
3.24166	0.00057	0.00218
3.60185	0.00031	0.00140

Proportion of advantageous (S > 0) mutations:
 0.32109

Proportions of good & bad mutations (|S| > 2.0000) among mutations:
0.00385  0.05781

mean |Ns| = 0.84256	mean Ns+ = 0.59939	mean Ns- = -0.95757


MLEs of dN/dS (w) for site classes (K=4)

site class             0        1       2a       2b
proportion       0.42886  0.32500  0.14002  0.10611
background w     0.06669  1.00000  0.06669  1.00000
foreground w     0.06669  1.00000  2.68970  2.68970

Naive Empirical Bayes (NEB) probabilities for 4 classes
(amino acids refer to 1st sequence: Duck_Mx)

   1 M   0.97408 0.00001 0.02590 0.00000 ( 1)
   2 T   0.00001 0.73309 0.00006 0.26684 ( 2)
   3 T   0.00000 0.73025 0.00000 0.26975 ( 2)
   4 Q   0.00141 0.68173 0.00397 0.31288 ( 2)
   5 R   0.00000 0.89181 0.00000 0.10819 ( 2)
   6 N   0.00000 0.45493 0.00000 0.54507 ( 4)
   7 T   0.00000 0.57860 0.00000 0.42140 ( 2)
   8 -   0.42886 0.32500 0.14002 0.10611 ( 1)
   9 -   0.42886 0.32500 0.14002 0.10611 ( 1)
  10 -   0.42886 0.32500 0.14002 0.10611 ( 1)
  11 -   0.42886 0.32500 0.14002 0.10611 ( 1)
  12 -   0.42886 0.32500 0.14002 0.10611 ( 1)
  13 -   0.42886 0.32500 0.14002 0.10611 ( 1)
  14 -   0.42886 0.32500 0.14002 0.10611 ( 1)
  15 -   0.42886 0.32500 0.14002 0.10611 ( 1)
  16 -   0.82228 0.05912 0.10166 0.01694 ( 1)
  17 -   0.03897 0.63890 0.10896 0.21317 ( 2)
  18 -   0.82398 0.04688 0.11540 0.01374 ( 1)
  19 -   0.04441 0.64584 0.09150 0.21825 ( 2)
  20 -   0.00540 0.70573 0.03144 0.25743 ( 2)
  21 -   0.04045 0.68032 0.05320 0.22603 ( 2)
  22 -   0.03656 0.62126 0.12755 0.21463 ( 2)
  23 -   0.02918 0.68036 0.05679 0.23367 ( 2)
  24 -   0.11926 0.58726 0.09487 0.19862 ( 2)
  25 -   0.23488 0.44097 0.18258 0.14156 ( 2)
  26 -   0.47356 0.25794 0.18793 0.08057 ( 1)
  27 -   0.03280 0.67418 0.06376 0.22927 ( 2)
  28 -   0.01115 0.69143 0.04914 0.24829 ( 2)
  29 -   0.01957 0.68323 0.05734 0.23985 ( 2)
  30 -   0.05402 0.61834 0.12091 0.20672 ( 2)
  31 -   0.03178 0.66735 0.07776 0.22311 ( 2)
  32 -   0.05402 0.61834 0.12091 0.20672 ( 2)
  33 -   0.05431 0.56164 0.19796 0.18609 ( 2)
  34 -   0.84039 0.04346 0.10275 0.01340 ( 1)
  35 -   0.83791 0.04783 0.09969 0.01456 ( 1)
  36 -   0.42872 0.25505 0.23960 0.07663 ( 1)
  37 -   0.01693 0.67702 0.06535 0.24070 ( 2)
  38 -   0.38039 0.30964 0.21157 0.09840 ( 1)
  39 -   0.83411 0.07029 0.07483 0.02077 ( 1)
  40 -   0.83791 0.04783 0.09969 0.01456 ( 1)
  41 -   0.05431 0.56164 0.19796 0.18609 ( 2)
  42 -   0.06324 0.59541 0.14730 0.19405 ( 2)
  43 -   0.43246 0.33406 0.12955 0.10393 ( 1)
  44 -   0.07104 0.60250 0.12966 0.19679 ( 2)
  45 -   0.01467 0.69673 0.04266 0.24594 ( 2)
  46 -   0.04872 0.64730 0.08839 0.21559 ( 2)
  47 -   0.83791 0.04783 0.09969 0.01456 ( 1)
  48 -   0.01313 0.70433 0.03593 0.24660 ( 2)
  49 -   0.08646 0.60293 0.11577 0.19484 ( 2)
  50 -   0.19047 0.55789 0.07124 0.18040 ( 2)
  51 -   0.42886 0.32500 0.14002 0.10611 ( 1)
  52 -   0.42886 0.32500 0.14002 0.10611 ( 1)
  53 -   0.42886 0.32500 0.14002 0.10611 ( 1)
  54 -   0.42886 0.32500 0.14002 0.10611 ( 1)
  55 -   0.42886 0.32500 0.14002 0.10611 ( 1)
  56 -   0.42886 0.32500 0.14002 0.10611 ( 1)
  57 -   0.42886 0.32500 0.14002 0.10611 ( 1)
  58 -   0.42886 0.32500 0.14002 0.10611 ( 1)
  59 -   0.42886 0.32500 0.14002 0.10611 ( 1)
  60 -   0.42886 0.32500 0.14002 0.10611 ( 1)
  61 -   0.42886 0.32500 0.14002 0.10611 ( 1)
  62 -   0.42886 0.32500 0.14002 0.10611 ( 1)
  63 -   0.00029 0.74865 0.00033 0.25074 ( 2)
  64 D   0.00000 0.49147 0.00030 0.50823 ( 4)
  65 K   0.00004 0.51388 0.00528 0.48080 ( 2)
  66 P   0.00000 0.50467 0.00002 0.49531 ( 2)
  67 H   0.00209 0.17426 0.65184 0.17182 ( 3)
  68 S   0.00052 0.43417 0.05913 0.50619 ( 4)
  69 K   0.00004 0.69631 0.00029 0.30337 ( 2)
  70 P   0.00003 0.75936 0.00002 0.24059 ( 2)
  71 -   0.42886 0.32500 0.14002 0.10611 ( 1)
  72 -   0.42886 0.32500 0.14002 0.10611 ( 1)
  73 -   0.42886 0.32500 0.14002 0.10611 ( 1)
  74 E   0.09684 0.62445 0.07838 0.20033 ( 2)
  75 D   0.00006 0.70351 0.00116 0.29527 ( 2)
  76 Q   0.00004 0.65509 0.00034 0.34454 ( 2)
  77 W   0.00004 0.51326 0.00673 0.47997 ( 2)
  78 N   0.00000 0.75339 0.00000 0.24661 ( 2)
  79 M   0.00000 0.74948 0.00000 0.25052 ( 2)
  80 Y   0.01964 0.59824 0.13388 0.24824 ( 2)
  81 N   0.22181 0.32455 0.35384 0.09981 ( 3)
  82 R   0.00826 0.88315 0.00048 0.10811 ( 2)
  83 N   0.00000 0.27443 0.00001 0.72556 ( 4)
  84 P   0.00000 0.46245 0.00004 0.53751 ( 4)
  85 K   0.42886 0.32500 0.14002 0.10611 ( 1)
  86 F   0.42886 0.32500 0.14002 0.10611 ( 1)
  87 K   0.42886 0.32500 0.14002 0.10611 ( 1)
  88 A   0.42886 0.32500 0.14002 0.10611 ( 1)
  89 T   0.42886 0.32500 0.14002 0.10611 ( 1)
  90 A   0.42886 0.32500 0.14002 0.10611 ( 1)
  91 K   0.42886 0.32500 0.14002 0.10611 ( 1)
  92 R   0.42886 0.32500 0.14002 0.10611 ( 1)
  93 C   0.42886 0.32500 0.14002 0.10611 ( 1)
  94 S   0.42886 0.32500 0.14002 0.10611 ( 1)
  95 P   0.42886 0.32500 0.14002 0.10611 ( 1)
  96 N   0.42886 0.32500 0.14002 0.10611 ( 1)
  97 L   0.42886 0.32500 0.14002 0.10611 ( 1)
  98 M   0.42886 0.32500 0.14002 0.10611 ( 1)
  99 K   0.42886 0.32500 0.14002 0.10611 ( 1)
 100 D   0.42886 0.32500 0.14002 0.10611 ( 1)
 101 G   0.42886 0.32500 0.14002 0.10611 ( 1)
 102 F   0.42886 0.32500 0.14002 0.10611 ( 1)
 103 Q   0.42886 0.32500 0.14002 0.10611 ( 1)
 104 S   0.42886 0.32500 0.14002 0.10611 ( 1)
 105 L   0.42886 0.32500 0.14002 0.10611 ( 1)
 106 S   0.42886 0.32500 0.14002 0.10611 ( 1)
 107 S   0.42886 0.32500 0.14002 0.10611 ( 1)
 108 P   0.42886 0.32500 0.14002 0.10611 ( 1)
 109 V   0.42886 0.32500 0.14002 0.10611 ( 1)
 110 C   0.42886 0.32500 0.14002 0.10611 ( 1)
 111 I   0.42886 0.32500 0.14002 0.10611 ( 1)
 112 E   0.42886 0.32500 0.14002 0.10611 ( 1)
 113 A   0.42886 0.32500 0.14002 0.10611 ( 1)
 114 S   0.42886 0.32500 0.14002 0.10611 ( 1)
 115 A   0.42886 0.32500 0.14002 0.10611 ( 1)
 116 V   0.42886 0.32500 0.14002 0.10611 ( 1)
 117 P   0.42886 0.32500 0.14002 0.10611 ( 1)
 118 L   0.42886 0.32500 0.14002 0.10611 ( 1)
 119 P   0.42886 0.32500 0.14002 0.10611 ( 1)
 120 P   0.42886 0.32500 0.14002 0.10611 ( 1)
 121 D   0.42886 0.32500 0.14002 0.10611 ( 1)
 122 S   0.42886 0.32500 0.14002 0.10611 ( 1)
 123 D   0.42886 0.32500 0.14002 0.10611 ( 1)
 124 D   0.42886 0.32500 0.14002 0.10611 ( 1)
 125 E   0.42886 0.32500 0.14002 0.10611 ( 1)
 126 I   0.42886 0.32500 0.14002 0.10611 ( 1)
 127 Y   0.42886 0.32500 0.14002 0.10611 ( 1)
 128 F   0.42886 0.32500 0.14002 0.10611 ( 1)
 129 P   0.42886 0.32500 0.14002 0.10611 ( 1)
 130 V   0.42886 0.32500 0.14002 0.10611 ( 1)
 131 P   0.42886 0.32500 0.14002 0.10611 ( 1)
 132 E   0.42886 0.32500 0.14002 0.10611 ( 1)
 133 Q   0.42886 0.32500 0.14002 0.10611 ( 1)
 134 T   0.42886 0.32500 0.14002 0.10611 ( 1)
 135 T   0.42886 0.32500 0.14002 0.10611 ( 1)
 136 K   0.42886 0.32500 0.14002 0.10611 ( 1)
 137 E   0.42886 0.32500 0.14002 0.10611 ( 1)
 138 S   0.42886 0.32500 0.14002 0.10611 ( 1)
 139 Q   0.42886 0.32500 0.14002 0.10611 ( 1)
 140 H   0.42886 0.32500 0.14002 0.10611 ( 1)
 141 E   0.42886 0.32500 0.14002 0.10611 ( 1)
 142 Q   0.42886 0.32500 0.14002 0.10611 ( 1)
 143 K   0.42886 0.32500 0.14002 0.10611 ( 1)
 144 V   0.42886 0.32500 0.14002 0.10611 ( 1)
 145 S   0.42886 0.32500 0.14002 0.10611 ( 1)
 146 M   0.42886 0.32500 0.14002 0.10611 ( 1)
 147 K   0.00000 0.53013 0.00004 0.46983 ( 2)
 148 L   0.00000 0.75533 0.00000 0.24467 ( 2)
 149 H   0.00000 0.34612 0.00165 0.65223 ( 4)
 150 -   0.42886 0.32500 0.14002 0.10611 ( 1)
 151 -   0.42886 0.32500 0.14002 0.10611 ( 1)
 152 E   0.00011 0.85765 0.00001 0.14224 ( 2)
 153 E   0.02160 0.81947 0.00292 0.15600 ( 2)
 154 Q   0.00000 0.45738 0.00005 0.54257 ( 4)
 155 D   0.00000 0.50156 0.00013 0.49831 ( 2)
 156 V   0.00001 0.52608 0.00030 0.47361 ( 2)
 157 Q   0.00000 0.64600 0.00003 0.35397 ( 2)
 158 A   0.00007 0.88587 0.00001 0.11405 ( 2)
 159 A   0.00004 0.88766 0.00000 0.11229 ( 2)
 160 E   0.00240 0.68562 0.00938 0.30260 ( 2)
 161 H   0.00056 0.54926 0.07079 0.37939 ( 2)
 162 T   0.11607 0.01058 0.86954 0.00381 ( 3)
 163 L   0.88436 0.02395 0.08787 0.00382 ( 1)
 164 Y   0.03796 0.44358 0.32509 0.19338 ( 2)
 165 N   0.87149 0.02596 0.09927 0.00328 ( 1)
 166 Q   0.85649 0.04959 0.08542 0.00850 ( 1)
 167 Y   0.94332 0.00040 0.05624 0.00005 ( 1)
 168 E   0.23358 0.01217 0.74953 0.00472 ( 3)
 169 E   0.00627 0.12058 0.75713 0.11602 ( 3)
 170 K   0.92042 0.00168 0.07764 0.00026 ( 1)
 171 I   0.71810 0.04728 0.22579 0.00882 ( 1)
 172 R   0.94771 0.00008 0.05220 0.00001 ( 1)
 173 P   0.93826 0.00015 0.06157 0.00002 ( 1)
 174 C   0.96065 0.00007 0.03928 0.00001 ( 1)
 175 I   0.91442 0.00357 0.08145 0.00056 ( 1)
 176 D   0.94820 0.00045 0.05129 0.00005 ( 1)
 177 L   0.93686 0.00063 0.06242 0.00009 ( 1)
 178 I   0.26369 0.01913 0.71081 0.00636 ( 3)
 179 D   0.94042 0.00046 0.05907 0.00006 ( 1)
 180 S   0.24900 0.63324 0.03951 0.07825 ( 2)
 181 L   0.81068 0.03463 0.14675 0.00793 ( 1)
 182 R   0.95071 0.00040 0.04883 0.00005 ( 1)
 183 A   0.00735 0.03987 0.90782 0.04497 ( 3)
 184 L   0.91617 0.01888 0.06242 0.00253 ( 1)
 185 G   0.21306 0.00044 0.78626 0.00024 ( 3)
 186 I   0.82343 0.04454 0.12672 0.00531 ( 1)
 187 E   0.25315 0.01376 0.72822 0.00487 ( 3)
 188 K   0.15523 0.15760 0.63743 0.04974 ( 3)
 189 D   0.94042 0.00046 0.05907 0.00006 ( 1)
 190 L   0.80823 0.03700 0.14631 0.00847 ( 1)
 191 S   0.00118 0.00643 0.98228 0.01011 ( 3)
 192 L   0.88055 0.02758 0.08748 0.00440 ( 1)
 193 P   0.93828 0.00013 0.06158 0.00002 ( 1)
 194 A   0.94579 0.00064 0.05350 0.00008 ( 1)
 195 I   0.89952 0.00469 0.09497 0.00082 ( 1)
 196 A   0.94558 0.00083 0.05349 0.00010 ( 1)
 197 V   0.90488 0.00016 0.09492 0.00003 ( 1)
 198 I   0.91392 0.00403 0.08142 0.00063 ( 1)
 199 G   0.95711 0.00008 0.04280 0.00001 ( 1)
 200 D   0.94042 0.00046 0.05907 0.00006 ( 1)
 201 Q   0.21723 0.01990 0.75536 0.00752 ( 3)
 202 S   0.39611 0.00087 0.60281 0.00022 ( 3)
 203 S   0.95174 0.00040 0.04781 0.00005 ( 1)
 204 G   0.96240 0.00012 0.03747 0.00001 ( 1)
 205 K   0.93080 0.00161 0.06736 0.00024 ( 1)
 206 S   0.95320 0.00014 0.04664 0.00002 ( 1)
 207 S   0.94813 0.00021 0.05163 0.00003 ( 1)
 208 I   0.31977 0.02338 0.64853 0.00832 ( 3)
 209 L   0.92078 0.01515 0.06205 0.00202 ( 1)
 210 E   0.91287 0.00288 0.08377 0.00048 ( 1)
 211 A   0.92591 0.00046 0.07356 0.00007 ( 1)
 212 L   0.82678 0.03396 0.13162 0.00763 ( 1)
 213 S   0.95154 0.00057 0.04783 0.00006 ( 1)
 214 G   0.96507 0.00010 0.03482 0.00001 ( 1)
 215 V   0.96304 0.00014 0.03681 0.00001 ( 1)
 216 S   0.19603 0.00410 0.79795 0.00192 ( 3)
 217 L   0.93542 0.00072 0.06376 0.00010 ( 1)
 218 P   0.93826 0.00015 0.06157 0.00002 ( 1)
 219 R   0.96946 0.00013 0.03039 0.00001 ( 1)
 220 G   0.32120 0.00112 0.67734 0.00035 ( 3)
 221 N   0.15387 0.00399 0.84073 0.00142 ( 3)
 222 G   0.96498 0.00007 0.03495 0.00001 ( 1)
 223 I   0.23455 0.01333 0.74725 0.00487 ( 3)
 224 V   0.32500 0.00138 0.67317 0.00045 ( 3)
 225 T   0.96314 0.00013 0.03671 0.00001 ( 1)
 226 R   0.95835 0.00022 0.04141 0.00002 ( 1)
 227 C   0.95858 0.00008 0.04134 0.00001 ( 1)
 228 P   0.94749 0.00011 0.05239 0.00001 ( 1)
 229 L   0.82320 0.02261 0.14902 0.00517 ( 1)
 230 E   0.80668 0.06289 0.11959 0.01085 ( 1)
 231 L   0.91575 0.01927 0.06239 0.00258 ( 1)
 232 K   0.91646 0.01511 0.06622 0.00222 ( 1)
 233 L   0.82160 0.02415 0.14871 0.00553 ( 1)
 234 K   0.90578 0.02497 0.06558 0.00367 ( 1)
 235 K   0.90949 0.02161 0.06572 0.00318 ( 1)
 236 I   0.04316 0.68869 0.10371 0.16444 ( 2)
 237 P   0.00000 0.71241 0.00000 0.28759 ( 2)
 238 T   0.00000 0.74415 0.00000 0.25585 ( 2)
 239 -   0.42886 0.32500 0.14002 0.10611 ( 1)
 240 S   0.00325 0.80752 0.01142 0.17781 ( 2)
 241 Q   0.00362 0.84073 0.00068 0.15497 ( 2)
 242 E   0.00404 0.85401 0.00037 0.14158 ( 2)
 243 W   0.95632 0.00008 0.04360 0.00001 ( 1)
 244 K   0.00140 0.86643 0.00027 0.13190 ( 2)
 245 G   0.96242 0.00013 0.03743 0.00001 ( 1)
 246 K   0.00699 0.03325 0.92413 0.03563 ( 3)
 247 I   0.80328 0.04151 0.14856 0.00665 ( 1)
 248 S   0.00039 0.71660 0.00322 0.27979 ( 2)
 249 Y   0.92675 0.00890 0.06317 0.00117 ( 1)
 250 R   0.00000 0.92767 0.00000 0.07233 ( 2)
 251 N   0.86706 0.03733 0.09086 0.00475 ( 1)
 252 I   0.00000 0.69581 0.00000 0.30419 ( 2)
 253 S   0.00081 0.01903 0.94222 0.03794 ( 3)
 254 T   0.00170 0.76544 0.00333 0.22953 ( 2)
 255 D   0.00572 0.00895 0.97487 0.01047 ( 3)
 256 L   0.00122 0.84244 0.00023 0.15612 ( 2)
 257 Q   0.00002 0.84173 0.00001 0.15824 ( 2)
 258 H   0.10492 0.13140 0.71894 0.04474 ( 3)
 259 A   0.11054 0.78665 0.00637 0.09644 ( 2)
 260 S   0.55305 0.34602 0.04861 0.05232 ( 1)
 261 E   0.00195 0.85389 0.00018 0.14398 ( 2)
 262 V   0.90345 0.00126 0.09508 0.00021 ( 1)
 263 E   0.21465 0.01269 0.76744 0.00522 ( 3)
 264 N   0.00016 0.73446 0.00046 0.26492 ( 2)
 265 A   0.42641 0.47599 0.03719 0.06042 ( 2)
 266 I   0.92024 0.03302 0.04308 0.00366 ( 1)
 267 R   0.07629 0.80996 0.01358 0.10017 ( 2)
 268 N   0.05511 0.58154 0.15328 0.21007 ( 2)
 269 A   0.91841 0.01386 0.06580 0.00193 ( 1)
 270 Q   0.90364 0.00448 0.09111 0.00077 ( 1)
 271 D   0.54845 0.33302 0.07593 0.04261 ( 1)
 272 V   0.00000 0.72635 0.00000 0.27365 ( 2)
 273 V   0.54955 0.32273 0.07134 0.05638 ( 1)
 274 A   0.91609 0.00135 0.08235 0.00021 ( 1)
 275 G   0.95956 0.00008 0.04036 0.00001 ( 1)
 276 T   0.00086 0.88214 0.00023 0.11677 ( 2)
 277 K   0.06185 0.03791 0.88531 0.01493 ( 3)
 278 G   0.00000 0.89379 0.00000 0.10621 ( 2)
 279 N   0.02145 0.67665 0.12176 0.18015 ( 2)
 280 I   0.91371 0.00422 0.08141 0.00066 ( 1)
 281 S   0.32217 0.00058 0.67706 0.00019 ( 3)
 282 G   0.01814 0.87586 0.00147 0.10454 ( 2)
 283 E   0.44869 0.43760 0.04121 0.07250 ( 1)
 284 L   0.93566 0.00133 0.06284 0.00018 ( 1)
 285 I   0.91497 0.00310 0.08145 0.00048 ( 1)
 286 S   0.03354 0.84641 0.00629 0.11376 ( 2)
 287 L   0.91011 0.02007 0.06701 0.00281 ( 1)
 288 E   0.86884 0.04409 0.07978 0.00730 ( 1)
 289 I   0.73064 0.09521 0.15687 0.01729 ( 1)
 290 C   0.20751 0.23187 0.50002 0.06060 ( 3)
 291 S   0.94741 0.00032 0.05223 0.00004 ( 1)
 292 P   0.82277 0.10905 0.05361 0.01458 ( 1)
 293 Y   0.04433 0.28451 0.54594 0.12521 ( 3)
 294 V   0.96165 0.00009 0.03825 0.00001 ( 1)
 295 P   0.93606 0.00017 0.06374 0.00002 ( 1)
 296 D   0.94041 0.00040 0.05914 0.00005 ( 1)
 297 L   0.80823 0.03700 0.14631 0.00847 ( 1)
 298 T   0.95028 0.00011 0.04960 0.00001 ( 1)
 299 L   0.84688 0.08523 0.05688 0.01102 ( 1)
 300 I   0.91727 0.00084 0.08175 0.00013 ( 1)
 301 D   0.94820 0.00045 0.05129 0.00005 ( 1)
 302 L   0.93528 0.00085 0.06376 0.00012 ( 1)
 303 P   0.93793 0.00042 0.06160 0.00005 ( 1)
 304 G   0.95714 0.00012 0.04273 0.00001 ( 1)
 305 I   0.91499 0.00302 0.08153 0.00047 ( 1)
 306 A   0.86369 0.00230 0.13368 0.00033 ( 1)
 307 R   0.95130 0.00009 0.04860 0.00001 ( 1)
 308 V   0.16908 0.00734 0.81997 0.00360 ( 3)
 309 A   0.93139 0.00162 0.06676 0.00022 ( 1)
 310 M   0.23459 0.01609 0.74402 0.00530 ( 3)
 311 R   0.38529 0.02866 0.57914 0.00691 ( 3)
 312 N   0.95545 0.00194 0.04237 0.00024 ( 1)
 313 Q   0.89501 0.00475 0.09941 0.00083 ( 1)
 314 P   0.93584 0.00041 0.06369 0.00006 ( 1)
 315 Q   0.00000 0.86919 0.00000 0.13081 ( 2)
 316 D   0.93667 0.00046 0.06281 0.00007 ( 1)
 317 I   0.19206 0.01189 0.79063 0.00541 ( 3)
 318 G   0.89643 0.05482 0.04181 0.00694 ( 1)
 319 E   0.00000 0.68162 0.00000 0.31838 ( 2)
 320 Q   0.03607 0.81629 0.00402 0.14362 ( 2)
 321 I   0.83202 0.06380 0.09285 0.01133 ( 1)
 322 K   0.93080 0.00161 0.06736 0.00024 ( 1)
 323 K   0.00004 0.68988 0.00012 0.30995 ( 2)
 324 L   0.93630 0.00088 0.06271 0.00011 ( 1)
 325 I   0.19349 0.01755 0.78116 0.00780 ( 3)
 326 K   0.00361 0.86552 0.00043 0.13044 ( 2)
 327 K   0.13471 0.74566 0.00975 0.10988 ( 2)
 328 I   0.00647 0.00317 0.98574 0.00462 ( 3)
 329 I   0.91350 0.00441 0.08140 0.00069 ( 1)
 330 S   0.00000 0.76425 0.00001 0.23574 ( 2)
 331 S   0.00485 0.71172 0.02506 0.25837 ( 2)
 332 K   0.82091 0.05429 0.11648 0.00832 ( 1)
 333 E   0.86025 0.05001 0.08136 0.00837 ( 1)
 334 T   0.95033 0.00008 0.04958 0.00001 ( 1)
 335 I   0.89431 0.00500 0.09980 0.00089 ( 1)
 336 N   0.21118 0.02929 0.74629 0.01325 ( 3)
 337 L   0.16034 0.03986 0.78063 0.01917 ( 3)
 338 V   0.96831 0.00178 0.02975 0.00015 ( 1)
 339 V   0.90156 0.00298 0.09496 0.00050 ( 1)
 340 V   0.93968 0.00013 0.06018 0.00002 ( 1)
 341 P   0.93616 0.00015 0.06367 0.00002 ( 1)
 342 C   0.00370 0.90333 0.00018 0.09280 ( 2)
 343 N   0.94705 0.00006 0.05288 0.00001 ( 1)
 344 V   0.90085 0.00365 0.09489 0.00061 ( 1)
 345 D   0.94820 0.00045 0.05129 0.00005 ( 1)
 346 I   0.91539 0.00271 0.08147 0.00042 ( 1)
 347 A   0.94575 0.00067 0.05350 0.00008 ( 1)
 348 T   0.95025 0.00014 0.04959 0.00002 ( 1)
 349 T   0.95020 0.00015 0.04964 0.00002 ( 1)
 350 E   0.91281 0.00290 0.08381 0.00048 ( 1)
 351 A   0.96996 0.00004 0.03000 0.00000 ( 1)
 352 L   0.80881 0.03643 0.14642 0.00834 ( 1)
 353 K   0.00629 0.85738 0.00182 0.13451 ( 2)
 354 M   0.97408 0.00001 0.02590 0.00000 ( 1)
 355 A   0.91601 0.00141 0.08235 0.00022 ( 1)
 356 Q   0.90271 0.02835 0.06507 0.00386 ( 1)
 357 E   0.86923 0.04159 0.08221 0.00696 ( 1)
 358 V   0.90085 0.00365 0.09489 0.00061 ( 1)
 359 D   0.93667 0.00046 0.06281 0.00007 ( 1)
 360 P   0.94836 0.00014 0.05148 0.00002 ( 1)
 361 K   0.00024 0.67681 0.00199 0.32097 ( 2)
 362 G   0.95704 0.00011 0.04284 0.00001 ( 1)
 363 E   0.86004 0.00777 0.13088 0.00131 ( 1)
 364 R   0.96966 0.00004 0.03030 0.00000 ( 1)
 365 T   0.95766 0.00013 0.04220 0.00001 ( 1)
 366 L   0.86501 0.01595 0.11676 0.00228 ( 1)
 367 G   0.96236 0.00009 0.03754 0.00001 ( 1)
 368 I   0.16143 0.23787 0.51393 0.08676 ( 3)
 369 L   0.92992 0.00796 0.06105 0.00107 ( 1)
 370 T   0.95565 0.00010 0.04424 0.00001 ( 1)
 371 K   0.93081 0.00160 0.06736 0.00024 ( 1)
 372 P   0.93845 0.00030 0.06120 0.00004 ( 1)
 373 D   0.93783 0.00030 0.06183 0.00004 ( 1)
 374 L   0.86288 0.02454 0.10796 0.00461 ( 1)
 375 V   0.87448 0.02860 0.09211 0.00481 ( 1)
 376 D   0.35499 0.00273 0.64153 0.00075 ( 3)
 377 I   0.00023 0.43901 0.04428 0.51648 ( 4)
 378 G   0.95708 0.00011 0.04280 0.00001 ( 1)
 379 T   0.96156 0.00160 0.03667 0.00017 ( 1)
 380 E   0.91318 0.00269 0.08369 0.00044 ( 1)
 381 E   0.00149 0.85253 0.00022 0.14576 ( 2)
 382 Y   0.00039 0.40149 0.07759 0.52054 ( 4)
 383 I   0.31404 0.02880 0.64680 0.01036 ( 3)
 384 I   0.00460 0.63306 0.07123 0.29111 ( 2)
 385 S   0.00434 0.13736 0.74685 0.11145 ( 3)
 386 I   0.82343 0.04454 0.12672 0.00531 ( 1)
 387 V   0.00792 0.78163 0.01165 0.19881 ( 2)
 388 Q   0.78643 0.07635 0.12648 0.01074 ( 1)
 389 N   0.96059 0.00001 0.03939 0.00000 ( 1)
 390 E   0.34997 0.43015 0.13925 0.08064 ( 2)
 391 V   0.89987 0.05827 0.03577 0.00609 ( 1)
 392 I   0.00035 0.84214 0.00007 0.15744 ( 2)
 393 P   0.64170 0.24661 0.08021 0.03149 ( 1)
 394 L   0.92538 0.01311 0.05983 0.00168 ( 1)
 395 R   0.88439 0.01381 0.10010 0.00170 ( 1)
 396 K   0.93080 0.00161 0.06736 0.00024 ( 1)
 397 G   0.95903 0.00015 0.04081 0.00002 ( 1)
 398 Y   0.93896 0.00056 0.06041 0.00007 ( 1)
 399 M   0.97408 0.00001 0.02590 0.00000 ( 1)
 400 V   0.24173 0.02026 0.73121 0.00680 ( 3)
 401 V   0.90481 0.00023 0.09492 0.00004 ( 1)
 402 K   0.91837 0.00167 0.07969 0.00028 ( 1)
 403 C   0.95857 0.00007 0.04136 0.00001 ( 1)
 404 R   0.01985 0.00147 0.97778 0.00090 ( 3)
 405 G   0.96002 0.00011 0.03985 0.00001 ( 1)
 406 Q   0.92880 0.00374 0.06695 0.00051 ( 1)
 407 R   0.01317 0.02507 0.93408 0.02768 ( 3)
 408 D   0.78206 0.14917 0.04912 0.01965 ( 1)
 409 I   0.16114 0.01727 0.81288 0.00870 ( 3)
 410 H   0.00002 0.60333 0.00167 0.39498 ( 2)
 411 N   0.00508 0.91436 0.00034 0.08022 ( 2)
 412 K   0.00200 0.69840 0.01504 0.28456 ( 2)
 413 L   0.07640 0.74414 0.01216 0.16729 ( 2)
 414 T   0.14593 0.01058 0.83910 0.00440 ( 3)
 415 L   0.20335 0.08599 0.67834 0.03232 ( 3)
 416 A   0.00053 0.75953 0.00119 0.23875 ( 2)
 417 S   0.01823 0.86255 0.00265 0.11657 ( 2)
 418 A   0.93854 0.00079 0.06056 0.00011 ( 1)
 419 I   0.00094 0.84078 0.00021 0.15807 ( 2)
 420 H   0.15255 0.25283 0.50641 0.08821 ( 3)
 421 Q   0.00767 0.84092 0.00131 0.15011 ( 2)
 422 E   0.91046 0.00294 0.08611 0.00049 ( 1)
 423 R   0.00009 0.88999 0.00001 0.10991 ( 2)
 424 Q   0.00000 0.61478 0.00001 0.38521 ( 2)
 425 F   0.93828 0.00053 0.06112 0.00007 ( 1)
 426 F   0.91874 0.00150 0.07953 0.00024 ( 1)
 427 E   0.45788 0.42612 0.04421 0.07179 ( 1)
 428 T   0.00001 0.89706 0.00000 0.10293 ( 2)
 429 H   0.96750 0.00003 0.03247 0.00000 ( 1)
 430 K   0.00075 0.86025 0.00024 0.13877 ( 2)
 431 C   0.00164 0.53827 0.09614 0.36396 ( 2)
 432 F   0.93828 0.00053 0.06112 0.00007 ( 1)
 433 S   0.91128 0.01719 0.06955 0.00198 ( 1)
 434 I   0.00004 0.73392 0.00029 0.26575 ( 2)
 435 L   0.93465 0.00144 0.06371 0.00020 ( 1)
 436 L   0.81351 0.03193 0.14726 0.00731 ( 1)
 437 D   0.90266 0.02433 0.07000 0.00301 ( 1)
 438 Q   0.15006 0.16913 0.60206 0.07875 ( 3)
 439 N   0.64901 0.02528 0.32204 0.00367 ( 1)
 440 K   0.00272 0.86111 0.00023 0.13593 ( 2)
 441 A   0.91657 0.00092 0.08236 0.00014 ( 1)
 442 T   0.96324 0.00008 0.03667 0.00001 ( 1)
 443 I   0.20962 0.63303 0.04391 0.11344 ( 2)
 444 P   0.93907 0.00014 0.06077 0.00002 ( 1)
 445 H   0.01746 0.89820 0.00325 0.08109 ( 2)
 446 L   0.81140 0.03395 0.14688 0.00777 ( 1)
 447 A   0.94621 0.00022 0.05355 0.00003 ( 1)
 448 M   0.00115 0.34104 0.29858 0.35924 ( 4)
 449 K   0.14219 0.72756 0.01415 0.11610 ( 2)
 450 L   0.93031 0.00631 0.06254 0.00084 ( 1)
 451 T   0.95025 0.00014 0.04959 0.00002 ( 1)
 452 N   0.00000 0.75579 0.00000 0.24421 ( 2)
 453 E   0.91273 0.00299 0.08379 0.00049 ( 1)
 454 L   0.93550 0.00065 0.06376 0.00009 ( 1)
 455 V   0.42856 0.43774 0.05711 0.07658 ( 2)
 456 A   0.00001 0.72306 0.00007 0.27686 ( 2)
 457 H   0.50698 0.00027 0.49270 0.00005 ( 1)
 458 I   0.91367 0.00425 0.08142 0.00066 ( 1)
 459 I   0.01042 0.84211 0.00303 0.14444 ( 2)
 460 K   0.93159 0.00097 0.06730 0.00014 ( 1)
 461 T   0.87723 0.06455 0.05118 0.00705 ( 1)
 462 L   0.88962 0.01897 0.08838 0.00303 ( 1)
 463 P   0.93828 0.00014 0.06156 0.00002 ( 1)
 464 T   0.00165 0.72955 0.01868 0.25012 ( 2)
 465 I   0.90452 0.01082 0.08340 0.00127 ( 1)
 466 E   0.91061 0.00267 0.08628 0.00045 ( 1)
 467 S   0.00082 0.52820 0.05825 0.41273 ( 2)
 468 Q   0.93197 0.00095 0.06695 0.00013 ( 1)
 469 I   0.38181 0.00220 0.61542 0.00056 ( 3)
 470 R   0.00083 0.82911 0.00150 0.16855 ( 2)
 471 E   0.00161 0.71827 0.00505 0.27507 ( 2)
 472 V   0.00001 0.72316 0.00010 0.27674 ( 2)
 473 L   0.82578 0.00419 0.16905 0.00098 ( 1)
 474 Q   0.87375 0.05568 0.06299 0.00759 ( 1)
 475 K   0.00000 0.70130 0.00000 0.29869 ( 2)
 476 S   0.00021 0.66969 0.00153 0.32857 ( 2)
 477 V   0.00124 0.13444 0.70458 0.15975 ( 3)
 478 Q   0.05911 0.04442 0.87425 0.02222 ( 3)
 479 E   0.91281 0.00290 0.08381 0.00048 ( 1)
 480 L   0.93410 0.00281 0.06271 0.00037 ( 1)
 481 Q   0.90967 0.02192 0.06542 0.00299 ( 1)
 482 K   0.82221 0.09375 0.06935 0.01469 ( 1)
 483 Y   0.93083 0.00506 0.06344 0.00067 ( 1)
 484 R   0.11069 0.00545 0.88174 0.00213 ( 3)
 485 R   0.00000 0.74007 0.00000 0.25993 ( 2)
 486 G   0.18592 0.01861 0.78995 0.00552 ( 3)
 487 T   0.18706 0.70530 0.02087 0.08677 ( 2)
 488 P   0.33137 0.00196 0.66608 0.00059 ( 3)
 489 T   0.00017 0.70120 0.00275 0.29588 ( 2)
 490 I   0.00007 0.70273 0.00122 0.29598 ( 2)
 491 E   0.04630 0.08720 0.79485 0.07165 ( 3)
 492 T   0.00000 0.59446 0.00001 0.40553 ( 2)
 493 E   0.00025 0.72506 0.00078 0.27390 ( 2)
 494 K   0.90473 0.01497 0.07795 0.00236 ( 1)
 495 L   0.00311 0.00206 0.99182 0.00300 ( 3)
 496 A   0.00202 0.22287 0.55276 0.22236 ( 3)
 497 F   0.68489 0.23916 0.04475 0.03120 ( 1)
 498 L   0.92135 0.01471 0.06199 0.00195 ( 1)
